DTC 2016   1  232 242 269 255 243 231 219 217 212 187 182 172 167 147 146 146  85  85  85  50  50  50  24  24
DTC 2016   2   24  50  50  50  50  50  50  85  85  85  50  50  50  85  85  85  50  50  50  50  50  50  50  50
DTC 2016   3   50  50  50  50  50  50  50  24  24  24  50  50  50  50  50  50  24  24  24  50  50  50  50  50
DTC 2016   4   50  24  24  24  85  85  85  24  24  24  50  50  50  50  50  50   0   0   0  24  24  24  50  50
DTC 2016   5   50  50  50  50  24  24  24  24  24  24  24  24  24  24  24  24  50  50  50  24  24  24  50  50
DTC 2016   6   50  85  85  85  50  50  50 146 146 146  85  85  85  85  85  85  85  85  85  85  85  85  50  50
DTC 2016   7   50  85  85  85 115 115 115 115 115 115  85  85  85  85  85  85 115 115 115  85  85  85  85  85
DTC 2016   8   85  50  50  50  24  24  24  24  24  24  85  85  85  50  50  50  50  50  50  85  85  85  24  24
DTC 2016   9   24  24  24  24  50  50  50  50  50  50  24  24  24  50  50  50  24  24  24  50  50  50  24  24
DTC 2016  10   24  50  50  50  24  24  24  50  50  50  50  50  50  24  24  24  50  50  50  50  50  50  24  24
DTC 2016  11   24  50  50  50  50  50  50  50  50  50  85  85  85  85  85  85  50  50  50  50  50  50  85  85
DTC 2016  12   85 115 115 115 115 115 115 115 115 115  85  85  85  85  85  85  50  50  50  50  50  50  50  50
DTC 2016  13   50  85  85  85  85  85  85 115 115 115 115 115 115  50  50  50  50  50  50  50  50  50  50  50
DTC 2016  14   50  85  85  85  50  50  50  50  50  50  50  50  50  85  85  85  50  50  50  50  50  50  50  50
DTC 2016  15   50  50  50  50  85  85  85  50  50  50  50  50  50  50  50  50  24  24  24  24  24  24  24  24
DTC 2016  16   24  24  24  24  24  24  24   0   0   0  24  24  24  24  24  24  50  50  50  50  50  50   0   0
DTC 2016  17    0  24  24  24  24  24  24   0   0   0   0   0   0  50  50  50  24  24  24  24  24  24  24  24
DTC 2016  18   24  24  24  24  24  24  24   0   0   0   0   0   0   0   0   0  24  24  24  24  24  24  50  50
DTC 2016  19   50  24  24  24  85  85  85 115 115 115  85  85  85  85  85  85  85  85  85  24  24  24  24  24
DTC 2016  20   24   0   0   0  24  24  24  24  28  41  66 100 131 153 154 173 194 199 207 195 184 174 163 163
DTC 2016  21  150 113  88  75  73 115 115 115 115 115 148 148 148 146 146 146  85  85  85  85  85  85 115 115
DTC 2016  22  115 115 115 115 115 115 115 115 115 115 115 115 115  85  85  85  85  85  85  50  50  50  50  50
DTC 2016  23   50  85  85  85  50  50  50  50  50  50  85  85  85 115 115 115  50  50  50  85  85  85  85  85
DTC 2016  24   85  50  50  50  24  24  24  85  85  85  50  50  50  50  50  50  24  24  24  50  50  50  85  85
DTC 2016  25   85 115 115 115  50  50  50  24  24  24  24  24  24  24  24  24  24  24  24  24  24  24   0   0
DTC 2016  26    0   0   0   0   0   0   0   0   0   0  24  24  24  24  24  24  24  24  24  24  24  24  24  24
DTC 2016  27   24  50  50  50  24  24  24  24  24  24  85  85  85  24  24  24  50  50  50  24  24  24  24  24
DTC 2016  28   24   0   0   0  24  24  24  24  24  24  24  24  24  85  85  85  85  85  85  24  24  24  24  24
DTC 2016  29   24  24  24  24  24  24  24   0   0   0  24  24  24  24  24  24  24  24  24  24  24  24  24  24
DTC 2016  30   24  24  24  24  24  24  24   0   0   0   0   0   0  24  24  24  24  24  24   0   0   0  24  24
DTC 2016  31   24  24  24  24  24  24  24  50  50  50  50  50  50  85  85  85  50  50  50  50  50  50  50  50
DTC 2016  32   50  50  50  50 115 115 115  85  85  85  85  85  85  85  85  85  50  50  50   0   0   0  24  24
DTC 2016  33   24  24  24  24   0   0   0   0   0   0  24  24  24  50  50  50  24  24  24  24  24  24  50  50
DTC 2016  34   50  50  50  50  85  85  85 115 115 115 146 146 146  50  50  50  24  24  24  24  24  24  24  24
DTC 2016  35   24  24  24  24  24  24  24   0   0   0  24  24  24  50  50  50  50  50  50  85  85  85  50  50
DTC 2016  36   50  50  50  50  24  24  24  85  85  85  85  85  85  85  85  85  50  50  50  50  50  50  50  50
DTC 2016  37   50  85  85  85  50  50  50  50  50  50  85  85  85  50  50  50  50  50  50  24  24  24  50  50
DTC 2016  38   50  50  50  50  85  85  85  50  50  50  24  24  24  24  24  24  50  50  50  50  50  50 115 115
DTC 2016  39  115  50  50  50  50  50  50 146 146 146 115 115 115 115 115 115  50  50  50  50  50  50  24  24
DTC 2016  40   24  24  24  24  24  24  24  50  50  50  24  24  24  50  50  50 115 115 115  85  85  85  24  24
DTC 2016  41   24  24  24  24  85  85  85  85  85  85  50  50  50  50  50  50  24  24  24  24  24  24   0   0
DTC 2016  42    0  24  24  24  24  24  24  85  85  85  50  50  50  50  50  50  50  50  50  50  50  50  50  50
DTC 2016  43   50  50  50  50 115 115 115 115 115 115  85  85  85  50  50  50 115 115 115  85  85  85  50  50
DTC 2016  44   50  50  50  50  50  50  50  50  50  50  85  85  85  85  85  85  50  50  50  24  24  24  24  24
DTC 2016  45   24  24  24  24  24  24  24  85  85  85  85  85  85  85  85  85  50  50  50  50  50  50  85  85
DTC 2016  46   85  50  50  50  24  24  24  50  50  50  50  50  50  85  85  85  50  50  50  50  50  50  24  24
DTC 2016  47   24  24  24  24 115 115 115 115 115 115  85  85  85  85  85  85 146 146 146 146 146 146 146 146
DTC 2016  48  146 148 148 148 146 146 146 146 146 146  85  85  85 146 146 146  85  85  85 115 115 115  85  85
DTC 2016  49   85 146 146 146 148 148 148 115 115 115 146 146 146 115 115 115 115 115 115  85  85  85  85  85
DTC 2016  50   85 146 146 146 115 115 115  85  85  85  85  85  85  50  50  50  85  85  85  85  85  85  85  85
DTC 2016  51   85  85  85  85  85  85  85  85  85  85  50  50  50  50  50  50  24  24  24  24  24  24  24  24
DTC 2016  52   24  24  24  24  24  24  24  24  24  24  50  50  50  24  24  24   0   0   0  24  24  24  24  24
DTC 2016  53   24  50  50  50  50  50  50  24  24  24   0   0   0   0   0   0  24  24  24  24  24  24  24  24
DTC 2016  54   24  24  24  24  24  24  24  50  50  50  24  24  24  24  24  24  24  24  24  24  24  24  24  24
DTC 2016  55   24  50  50  50  85  85  85  85  85  85  50  50  50  50  50  50  24  24  24  50  50  50  24  24
DTC 2016  56   24  24  24  24  50  50  50  24  24  24  50  50  50  50  50  50  24  24  24  24  24  24  24  24
DTC 2016  57   24  24  24  24  50  50  50  85  85  85  85  85  85  24  24  24  24  24  24  50  50  50  24  24
DTC 2016  58   24  24  24  24   0   0   0   0   0   0  24  24  24  50  50  50  24  24  24   0   0   0  24  24
DTC 2016  59   24  24  24  24  24  24  24  24  24  24  24  24  24  50  50  50  24  24  24  24  24  24   0   0
DTC 2016  60    0  24  24  24  24  24  24  50  50  50   0   0   0  24  24  24  24  24  24  24  24  24  24  24
DTC 2016  61   24  24  24  24  50  50  50  85  85  85  50  50  50  50  50  50  50  50  50  50  50  50  50  50
DTC 2016  62   50  24  24  24  85  85  85  85  85  85  24  24  24  24  24  24  50  50  50  50  50  50  85  85
DTC 2016  63   85  24  24  24  24  24  24  50  50  50  85  85  85  50  50  50  85  85  85  50  50  50  24  24
DTC 2016  64   24  24  24  24  50  50  50  85  85  85  24  24  24   0   0   0  24  24  24   0   0   0  24  24
DTC 2016  65   24  24  24  24   0   0   0   0   0   0   0   0   0  50  50  50  50  50  50  50  50  50  24  24
DTC 2016  66   24  24  24  24  24  24  24  24  24  24  24  24  24  50  50  50  50  50  50 114 126 179 226 237
DTC 2016  67  225 213 203 194 185 175 182 182 165 146 146 146 146 115 115 115  50  50  50  85  85  85  85  85
DTC 2016  68   85 115 115 115 115 115 115  85  85  85  50  50  50  50  50  50  50  50  50  50  50  50  24  24
DTC 2016  69   24  50  50  50  24  24  24  50  50  50  50  50  50  50  50  50  50  50  50  50  50  50  50  50
DTC 2016  70   50  50  50  50  50  50  50  85  85  85  85  85  85  50  50  50  50  50  50  85  85  85  50  50
DTC 2016  71   50  50  50  50  50  50  50  50  50  50  85  85  85  85  85  85  85  85  85 148 148 148 115 115
DTC 2016  72  115 115 115 115  85  85  85 115 115 115  85  85  85  50  50  50  85  85  85  24  24  24  85  85
DTC 2016  73   85  85  85  85  24  24  24  24  24  24  50  50  50  24  24  24  24  24  24  24  24  24   0   0
DTC 2016  74    0   0   0   0  24  24  24  50  50  50  50  50  50  50  50  50  50  50  50  24  24  24  85  85
DTC 2016  75   85 115 115 115 146 146 146 115 115 115 115 115 115 115 115 115 115 115 115  50  50  50  85  85
DTC 2016  76   85 146 146 146 115 115 115 146 146 146  50  50  50  85  85  85  85  85  85  85  85  85  24  24
DTC 2016  77   24  85  85  85 146 146 146 146 146 146 146 146 146  85  85  85 115 115 115  50  50  50  85  85
DTC 2016  78   85  85  85  85  85  85  85  50  50  50  50  50  50  85  85  85  50  50  50  50  50  50  50  50
DTC 2016  79   50  50  50  50  85  85  85  50  50  50  85  85  85 115 115 115 115 115 115  85  85  85 115 115
DTC 2016  80  115  50  50  50  24  24  24  50  50  50  85  85  85  50  50  50  50  50  50  50  50  50  85  85
DTC 2016  81   85 115 115 115  50  50  50  50  50  50  50  50  50  50  50  50  50  50  50  50  50  50  50  50
DTC 2016  82   50  24  24  24  85  85  85  85  85  85  50  50  50  50  50  50  85  85  85  50  50  50   0   0
DTC 2016  83    0  24  24  24  50  50  50  50  50  50  85  85  85 115 115 115  50  50  50  50  50  50  24  24
DTC 2016  84   24  50  50  50  85  85  85  85  85  85  50  50  50  50  50  50  50  50  50  24  24  24  24  24
DTC 2016  85   24  24  24  24  50  50  50  85  85  85  50  50  50  24  24  24  24  24  24  24  24  24  24  24
DTC 2016  86   24  24  24  24   0   0   0   0   0   0  24  24  24  24  24  24   0   0   0  24  24  24  24  24
DTC 2016  87   24  24  24  24  24  24  24  85  85  85  50  50  50  85  85  85  85  85  85  50  50  50  85  85
DTC 2016  88   85  85  85  85  50  50  50  50  50  50 115 115 115  24  24  24  24  24  24  50  50  50  24  24
DTC 2016  89   24  85  85  85  85  85  85  85  85  85  85  85  85  85  85  85  85  85  85  50  50  50  50  50
DTC 2016  90   50  24  24  24  24  24  24  85  85  85  50  50  50  50  50  50  50  50  50 115 115 115  50  50
DTC 2016  91   50  85  85  85  50  50  50  85  85  85  85  85  85  50  50  50  24  24  24  24  24  24  24  24
DTC 2016  92   24   0   0   0   0   0   0  24  24  24   0   0   0   0   0   0   0   0   0   0   0   0   0   0
DTC 2016  93    0  24  24  24  24  24  24  50  50  50  24  24  24   0   0   0  24  24  24  85  85  85 146 146
DTC 2016  94  146 115 115 115 148 148 148 115 115 115  85  85  85  85  85  85  85  85  85  24  24  24  50  50
DTC 2016  95   50  50  50  50 115 115 115  85  85  85  85  85  85  24  24  24  50  50  50  50  50  50   0   0
DTC 2016  96    0  24  24  24  24  24  24  50  50  50  24  24  24  24  24  24  24  24  24  50  50  50  24  24
DTC 2016  97   24  50  50  50  24  24  24  50  50  50  24  24  24  50  50  50  85  85  85  50  50  50  50  50
DTC 2016  98   50  24  24  24  24  24  24  50  50  50  24  24  24  24  24  24  24  24  24  24  24  24  50  50
DTC 2016  99   50 146 146 146 146 146 146 146 146 146  85  85  85  50  50  50  24  24  24   0   0   0  24  24
DTC 2016 100   24  24  24  24  24  24  24  24  24  24  24  24  24  24  24  24  24  24  24  24  24  24  24  24
DTC 2016 101   24  24  24  24   0   0   0  24  24  24  50  50  50  85  85  85  50  50  50  50  50  50  24  24
DTC 2016 102   24   0   0   0  85  85  85  24  24  24   0   0   0  24  24  24  24  24  24  50  50  50  85  85
DTC 2016 103   85  24  24  24  24  24  24  85  85  85  85  85  85  50  50  50  50  50  50  85  85  85  85  85
DTC 2016 104   85 115 115 115 146 146 146 146 146 146 115 115 115 115 115 115 115 115 115 115 115 115  85  85
DTC 2016 105   85 115 115 115  85  85  85 115 115 115  85  85  85  50  50  50 146 146 146 115 115 115 115 115
DTC 2016 106  115  85  85  85  85  85  85 115 115 115  50  50  50  24  24  24  24  24  24  50  50  50  50  50
DTC 2016 107   50  50  50  50  50  50  50  24  24  24  24  24  24  85  85  85  50  50  50  50  50  50  85  85
DTC 2016 108   85 115 115 115 115 115 115 115 115 115 115 115 115  85  85  85  50  50  50  50  50  50  85  85
DTC 2016 109   85 115 115 115  85  85  85  85  85  85  24  24  24  50  50  50  24  24  24  24  24  24   0   0
DTC 2016 110    0  24  24  24  24  24  24   0   0   0  24  24  24  24  24  24  24  24  24  24  24  24   0   0
DTC 2016 111    0   0   0   0  24  24  24   0   0   0  50  50  50  50  50  50  50  50  50  24  24  24   0   0
DTC 2016 112    0   0   0   0  24  24  24  24  24  24  50  50  50  24  24  24  24  24  24  24  24  24  50  50
DTC 2016 113   50  24  24  24  50  50  50  85  85  85  50  50  50  50  50  50  50  50  50  85  85  85  85  85
DTC 2016 114   85  85  85  85 115 115 115  50  50  50  50  50  50  24  24  24  50  50  50  50  50  50  50  50
DTC 2016 115   50  85  85  85 146 146 146  50  50  50  50  50  50  50  50  50  50  50  50  85  85  85 115 115
DTC 2016 116  115  85  85  85  24  24  24  24  24  24  50  50  50  50  50  50  50  50  50  50  50  50  24  24
DTC 2016 117   24  24  24  24   0   0   0  24  24  24  24  24  24  24  24  24  24  24  24  50  50  50  24  24
DTC 2016 118   24  50  50  50  85  85  85  24  24  24  50  50  50  85  85  85  50  50  50  50  50  50  85  85
DTC 2016 119   85  50  50  50  50  50  50  50  50  50  24  24  24  50  50  50  50  50  50  24  24  24  24  24
DTC 2016 120   24  24  24  24  24  24  24  24  24  24  24  24  24   0   0   0  24  24  24  24  24  24   0   0
DTC 2016 121    0  24  24  24  24  24  24  24  24  24  24  24  24  50  50  50  50  50  50  50  50  50  50  50
DTC 2016 122   50  50  50  50  85  85  85  85  85  85  50  50  50  85  85  85  50  50  50  85  85  85  85  85
DTC 2016 123   85 115 115 115 115 115 115 146 146 146 148 148 148  85  85  85  85  85  85  85  85  85  85  85
DTC 2016 124   85 115 115 115 146 146 146  85  85  85 115 115 115  85  85  85  50  50  50  50  50  50  24  24
DTC 2016 125   24  24  24  24  50  50  50  50  50  50  50  50  50   0   0   0  50  50  50  24  24  24  24  24
DTC 2016 126   24  24  24  24  24  24  24   0   0   0  50  50  50  24  24  24  85  85  85  85  85  85  50  50
DTC 2016 127   50  50  50  50  50  50  50  50  50  50  50  50  50  50  50  50  50  50  50  85  85  85  85  85
DTC 2016 128   85 146 146 146  85  85  85 115 115 115  50  50  50  24  24  24  50  50  50  50  50  50  50  50
DTC 2016 129   50  24  24  24  52  87 112 129 142 199 196 187 179 170 161 155 123 152 197 200 202 208 215 216
DTC 2016 130  146 146 146 146 148 148 148 148 148 148 115 115 115  85  85  85  85  85  85  85  85  85  85  85
DTC 2016 131   85 115 115 115 115 115 115  85  85  85 115 115 115  85  85  85  85  85  85  85  85  85  50  50
DTC 2016 132   50  85  85  85  85  85  85  85  85  85  50  50  50  24  24  24  24  24  24  24  24  24  24  24
DTC 2016 133   24  24  24  24  50  50  50  24  24  24  50  50  50  24  24  24  50  50  50  24  24  24   0   0
DTC 2016 134    0  24  24  24  50  50  50  24  24  24  24  24  24  85  85  85  50  50  50  50  50  50  50  50
DTC 2016 135   50  85  85  85  50  50  50  85  85  85  50  50  50  85  85  85  85  85  85  50  50  50  24  24
DTC 2016 136   24  50  50  50  85  85  85  85  85  85  50  50  50  50  50  50  50  50  50  85  85  85  85  85
DTC 2016 137   85 115 115 115  50  50  50  50  50  50  85  85  85  85  85  85  85  85  85  85  85  85  50  50
DTC 2016 138   50  50  50  50  50  50  50  50  50  50  85  85  85 115 115 115  85  85  85  85  85  85  50  50
DTC 2016 139   50  85  85  85  85  85  85  50  50  50  85  85  85  50  50  50  85  85  85  85  85  85  24  24
DTC 2016 140   24  24  24  24  24  24  24  24  24  24  24  24  24  85  85  85  50  50  50  85  85  85  50  50
DTC 2016 141   50  50  50  50  24  24  24  85  85  85  50  50  50  50  50  50  24  24  24  24  24  24   0   0
DTC 2016 142    0  24  24  24  50  50  50  85  85  85  85  85  85 146 146 146  50  50  50  85  85  85  85  85
DTC 2016 143   85  85  85  85  24  24  24  50  50  50  85  85  85  50  50  50  85  85  85  50  50  50  24  24
DTC 2016 144   24  24  24  24   0   0   0  24  24  24  24  24  24  50  50  50  50  50  50  24  24  24   0   0
DTC 2016 145    0  24  24  24  24  24  24  50  50  50  50  50  50  24  24  24  85  85  85  50  50  50  24  24
DTC 2016 146   24  24  24  24  24  24  24  24  24  24  50  50  50  24  24  24  24  24  24  24  24  24  24  24
DTC 2016 147   24   0   0   0   0   0   0  24  24  24  24  24  24  24  24  24  24  24  24  24  24  24  24  24
DTC 2016 148   24  24  24  24  24  24  24  85  85  85  85  85  85  24  24  24  50  50  50  50  50  50  50  50
DTC 2016 149   50  85  85  85  85  85  85  85  85  85  50  50  50 115 115 115  50  50  50  50  50  50  85  85
DTC 2016 150   85  85  85  85  85  85  85  50  50  50  50  50  50  50  50  50  50  50  50  24  24  24  24  24
DTC 2016 151   24  50  50  50  85  85  85 115 115 115  85  85  85  85  85  85  50  50  50  24  24  24  50  50
DTC 2016 152   50  24  24  24  50  50  50  50  50  50  50  50  50  85  85  85  50  50  50  24  24  24  85  85
DTC 2016 153   85  85  85  85  85  85  85  50  50  50  24  24  24  50  50  50  24  24  24  50  50  50  50  50
DTC 2016 154   50  50  50  50  50  50  50  24  24  24  24  24  24  24  24  24  24  24  24  24  24  24  24  24
DTC 2016 155   24   0   0   0  24  24  24  24  24  24  24  24  24   0   0   0  24  24  24  24  24  24  24  24
DTC 2016 156   24  24  24  24  24  24  24  24  24  24  24  24  24  24  24  24  24  24  24  24  24  24  24  24
DTC 2016 157   24  24  24  24  50  50  50  50  50  50  50  50  50  50  50  50 115 115 115 146 146 146 146 146
DTC 2016 158  146 146 146 146 146 146 146 115 115 115 148 148 148 115 115 115 115 115 115 115 115 115  50  50
DTC 2016 159   50  85  85  85  50  50  50  50  50  50  24  24  24  24  24  24  85  85  85  50  50  50  50  50
DTC 2016 160   50  85  85  85  85  85  85  50  50  50  50  50  50  24  24  24  50  50  50  50  50  50  50  50
DTC 2016 161   50   0   0   0  24  24  24  50  50  50  24  24  24   0   0   0  24  24  24  24  24  24  24  24
DTC 2016 162   24  24  24  24  24  24  24  24  24  24  24  24  24  24  24  24  24  24  24  50  50  50  50  50
DTC 2016 163   50 115 115 115  85  85  85  85  85  85  50  50  50  50  50  50  50  50  50  50  50  50  50  50
DTC 2016 164   50  50  50  50 115 115 115  50  50  50  50  50  50  50  50  50  50  50  50  85  85  85  50  50
DTC 2016 165   50  85  85  85  50  50  50  85  85  85 115 115 115  50  50  50  50  50  50  50  50  50  24  24
DTC 2016 166   24  50  50  50  24  24  24  85  85  85  50  50  50  24  24  24  50  50  50  50  50  50  50  50
DTC 2016 167   50 148 148 148 115 115 115 146 146 146  85  85  85  50  50  50  85  85  85  85  85  85  50  50
DTC 2016 168   50  24  24  24  24  24  24  50  50  50  24  24  24  50  50  50  50  50  50  50  50  50  50  50
DTC 2016 169   50  24  24  24  50  50  50  50  50  50  50  50  50  50  50  50  50  50  50  85  85  85  50  50
DTC 2016 170   50  50  50  50  24  24  24  50  50  50  85  85  85  50  50  50  50  50  50  85  85  85  24  24
DTC 2016 171   24  50  50  50  50  50  50  50  50  50  50  50  50  50  50  50  24  24  24  50  50  50  24  24
DTC 2016 172   24  24  24  24  24  24  24  24  24  24  24  24  24  24  24  24  24  24  24  24  24  24   0   0
DTC 2016 173    0  24  24  24  24  24  24  24  24  24  24  24  24  24  24  24  24  24  24  24  24  24  24  24
DTC 2016 174   24  24  24  24  24  24  24  24  24  24  24  24  24  24  24  24  50  50  50  50  50  50  85  85
DTC 2016 175   85 146 146 146 115 115 115  50  50  50  85  85  85  24  24  24  24  24  24  24  24  24  85  85
DTC 2016 176   85  85  85  85 115 115 115  85  85  85 115 115 115  85  85  85  50  50  50  50  50  50  50  50
DTC 2016 177   50  50  50  50  85  85  85  85  85  85  50  50  50  50  50  50  24  24  24  24  24  24  24  24
DTC 2016 178   24  50  50  50  50  50  50  50  50  50  50  50  50  50  50  50  50  50  50  50  50  50  85  85
DTC 2016 179   85  85  85  85 115 115 115  85  85  85  85  85  85  85  85  85  24  24  24  50  50  50  50  50
DTC 2016 180   50  50  50  50  50  50  50  85  85  85  50  50  50  24  24  24  50  50  50  50  50  50  24  24
DTC 2016 181   24  24  24  24  24  24  24  50  50  50  24  24  24  24  24  24  24  24  24  24  24  24  24  24
DTC 2016 182   24  24  24  24  24  24  24  24  24  24  24  24  24  24  24  24  24  24  24  24  24  24  50  50
DTC 2016 183   50  85  85  85   0   0   0  85  85  85  50  50  50  85  85  85  85  85  85  24  24  24  24  24
DTC 2016 184   24   0   0   0  24  24  24  24  24  24  50  50  50  24  24  24  24  24  24  50  50  50  50  50
DTC 2016 185   50  85  85  85 115 115 115  85  85  85  50  50  50  50  50  50  50  50  50  24  24  24  50  50
DTC 2016 186   50  50  50  50  85  85  85  50  50  50  50  50  50  85  85  85  50  50  50  24  24  24  24  24
DTC 2016 187   24  50  50  50  50  50  50  50  50  50  50  50  50  24  24  24  24  24  24  24  24  24  24  24
DTC 2016 188   24  24  24  24  24  24  24  24  24  24  24  24  24  24  24  24  24  24  24  24  24  24  24  24
DTC 2016 189   24  24  24  24  85  85  85  85  85  85  85  85  85  85  85  85  85  85  85  85  85  85 146 146
DTC 2016 190  146 146 146 146 115 115 115  85  85  85  85  85  85 115 115 115 115 115 115 146 146 146 115 115
DTC 2016 191  115 115 115 115  50  50  50  85  85  85  50  50  50 115 115 115  85  85  85  85  85  85  85  85
DTC 2016 192   85  85  85  85  50  50  50  50  50  50  50  50  50  50  50  50  85  85  85  85  85  85  50  50
DTC 2016 193   50  50  50  50  50  50  50  50  50  50  85  85  85  24  24  24  50  50  50  85  85  85  50  50
DTC 2016 194   50  85  85  85  85  85  85  85  85  85 146 146 146 146 146 146 115 115 115  50  50  50  50  50
DTC 2016 195   50  85  85  85  85  85  85  85  85  85  85  85  85  50  50  50  50  50  50  50  50  50  24  24
DTC 2016 196   24  24  24  24  50  50  50  50  50  50  85  85  85 115 115 115 115 115 115  50  50  50  50  50
DTC 2016 197   50  50  50  50  50  50  50  50  50  50  85  85  85  85  85  85  85  85  85  24  24  24  50  50
DTC 2016 198   50  50  50  50  85  85  85  85  85  85  50  50  50  24  24  24  50  50  50  85  85  85  50  50
DTC 2016 199   50  24  24  24  50  50  50  50  50  50  50  50  50  24  24  24  50  50  50  50  50  50  24  24
DTC 2016 200   24  24  24  24  50  50  50  24  24  24  24  24  24  24  24  24  24  24  24  24  24  24  24  24
DTC 2016 201   24   0   0   0  24  24  24  24  24  24  24  24  24   0   0   0  24  24  24  24  24  24  24  24
DTC 2016 202   24  24  24  24 146 146 146 146 146 146 146 146 146 115 115 115  50  50  50  85  85  85  50  50
DTC 2016 203   50  85  85  85  24  24  24  24  24  24  24  24  24  24  24  24  24  24  24  24  24  24  50  50
DTC 2016 204   50  24  24  24  50  50  50  24  24  24  50  50  50  50  50  50  50  50  50  50  50  50  50  50
DTC 2016 205   50  50  50  50  50  50  50  50  50  50  85  85  85  85  85  85  50  50  50  50  50  50  24  24
DTC 2016 206   24  24  24  24  50  50  50  50  50  50  24  24  24  24  24  24  50  50  50  50  50  50  85  85
DTC 2016 207   85 146 146 146 115 115 115 115 115 115 115 115 115  85  85  85  85  85  85 115 115 115 115 115
DTC 2016 208  115  50  50  50  50  50  50  24  24  24  50  50  50  24  24  24  24  24  24  50  50  50  24  24
DTC 2016 209   24  24  24  24  24  24  24  24  24  24  24  24  24   0   0   0   0   0   0  24  24  24   0   0
DTC 2016 210    0  24  24  24  50  50  50  85  85  85 115 115 115  85  85  85  50  50  50  50  50  50  85  85
DTC 2016 211   85 115 115 115  85  85  85  85  85  85 115 115 115  85  85  85  85  85  85  50  50  50  85  85
DTC 2016 212   85  85  85  85  24  24  24  85  85  85  50  50  50  24  24  24  24  24  24  24  24  24  24  24
DTC 2016 213   24  24  24  24  24  24  24  50  50  50   0   0   0  24  24  24  24  24  24  24  24  24  24  24
DTC 2016 214   24  24  24  24   0   0   0  24  24  24  24  24  24  24  24  24   0   0   0  24  24  24  24  24
DTC 2016 215   24  24  24  24  24  24  24  24  24  24  50  50  50  50  50  50  50  50  50  85  85  85  85  85
DTC 2016 216   85 115 115 115 146 146 146 146 146 146 115 115 115 146 146 146 146 146 146 115 115 115 115 115
DTC 2016 217  115  85  85  85  85  85  85 115 115 115 115 115 115  85  85  85  85  85  85  85  85  85 115 115
DTC 2016 218  115  85  85  85  50  50  50  50  50  50  85  85  85 115 115 115 115 115 115  85  85  85  85  85
DTC 2016 219   85  50  50  50 115 115 115  85  85  85  50  50  50  85  85  85 115 115 115  85  85  85  50  50
DTC 2016 220   50  50  50  50  85  85  85 115 115 115  50  50  50  50  50  50  50  50  50  85  85  85  85  85
DTC 2016 221   85  24  24  24  85  85  85 115 115 115  50  50  50  50  50  50  50  50  50  85  85  85 115 115
DTC 2016 222  115  85  85  85  24  24  24  50  50  50  85  85  85  50  50  50  85  85  85 115 115 115  85  85
DTC 2016 223   85  50  50  50  85  85  85  85  85  85  85  85  85 115 115 115 115 115 115  50  50  50  85  85
DTC 2016 224   85  85  85  85  85  85  85  50  50  50  24  24  24  50  50  50  50  50  50  24  24  24  85  85
DTC 2016 225   85  85  85  85  85  85  85 115 115 115 115 115 115  50  50  50  50  50  50  50  50  50  50  50
DTC 2016 226   50  24  24  24  24  24  24  50  50  50  50  50  50  24  24  24  24  24  24  24  24  24  24  24
DTC 2016 227   24  50  50  50  24  24  24  50  50  50  24  24  24  24  24  24  24  24  24  50  50  50   0   0
DTC 2016 228    0  24  24  24  24  24  24  24  24  24  24  24  24  50  50  50  24  24  24  24  24  24  24  24
DTC 2016 229   24   0   0   0  24  24  24  24  24  24   0   0   0  24  24  24  24  24  24  50  50  50  24  24
DTC 2016 230   24  24  24  24  85  85  85  85  85  85  85  85  85  50  50  50  24  24  24  50  50  50   0   0
DTC 2016 231    0  50  50  50  85  85  85  50  50  50  85  85  85  50  50  50  50  50  50  50  50  50  24  24
DTC 2016 232   24  24  24  24  50  50  50  24  24  24  24  24  24  50  50  50  50  50  50  50  50  50  24  24
DTC 2016 233   24  24  24  24  24  24  24  50  50  50  50  50  50  50  50  50  24  24  24  24  24  24   0   0
DTC 2016 234    0   0   0   0  24  24  24   0   0   0  24  24  24  24  24  24  24  24  24  85  85  85 115 115
DTC 2016 235  115  85  85  85  85  85  85  50  50  50  24  24  24  50  50  50  24  24  24  24  24  24  24  24
DTC 2016 236   24  24  24  24  24  24  24  50  50  50  50  50  50  24  24  24  50  50  50 115 115 115  85  85
DTC 2016 237   85 146 146 146 146 146 146 146 146 146  85  85  85  85  85  85  85  85  85 115 115 115  50  50
DTC 2016 238   50  50  50  50  85  85  85  50  50  50  24  24  24  85  85  85  85  85  85  50  50  50  50  50
DTC 2016 239   50  50  50  50  85  85  85  85  85  85  50  50  50  24  24  24  24  24  24  24  24  24  50  50
DTC 2016 240   50  50  50  50  50  50  50  50  50  50  85  85  85  24  24  24  50  50  50  24  24  24  24  24
DTC 2016 241   24  24  24  24   0   0   0  24  24  24  24  24  24  24  24  24  24  24  24  24  24  24   0   0
DTC 2016 242    0  24  24  24   0   0   0  24  24  24  24  24  24   0   0   0  50  50  50  50  50  50  50  50
DTC 2016 243   50  50  50  50  85  85  85  85  85  85  50  50  50  50  50  50  50  50  50  85  85  85 115 115
DTC 2016 244  115 115 115 115 115 115 115  50  50  50  50  50  50  24  24  24  24  24  24  50  50  50  24  24
DTC 2016 245   24  85  85  85  85  85  85 115 115 115 115 115 115 146 146 146 115 115 115 115 115 115  85  85
DTC 2016 246   85 146 146 146 148 148 148 148 148 148 148 148 148  85  85  85  85  85  85 146 146 146 115 115
DTC 2016 247  115  85  85  85 146 146 146 115 115 115 148 148 148 146 146 146 115 115 115 115 115 115 115 115
DTC 2016 248  115 115 115 115 146 146 146 146 146 146 115 115 115 115 115 115 115 115 115 115 115 115 115 115
DTC 2016 249  115 146 146 146 115 115 115  85  85  85 115 115 115  85  85  85  50  50  50  50  50  50  85  85
DTC 2016 250   85 146 146 146  85  85  85  85  85  85  85  85  85  85  85  85  85  85  85  50  50  50  50  50
DTC 2016 251   50 115 115 115  50  50  50  85  85  85  85  85  85  24  24  24  85  85  85  85  85  85  85  85
DTC 2016 252   85  50  50  50  50  50  50  85  85  85 115 115 115  85  85  85  85  85  85  85  85  85  50  50
DTC 2016 253   50  50  50  50  50  50  50  50  50  50  24  24  24  24  24  24  24  24  24  24  24  24  24  24
DTC 2016 254   24  24  24  24  50  50  50  24  24  24  50  50  50  50  50  50  24  24  24  24  24  24   0   0
DTC 2016 255    0  24  24  24  50  50  50  24  24  24   0   0   0  24  24  24  24  24  24  50  50  50  24  24
DTC 2016 256   24  24  24  24  24  24  24  85  85  85  50  50  50  24  24  24  24  24  24  50  50  50  24  24
DTC 2016 257   24  24  24  24  50  50  50  50  50  50  50  50  50  50  50  50  50  50  50  24  24  24  24  24
DTC 2016 258   24   0   0   0  24  24  24  50  50  50  50  50  50  50  50  50  50  50  50  85  85  85  50  50
DTC 2016 259   50  85  85  85  50  50  50  85  85  85  85  85  85  50  50  50  50  50  50  24  24  24  24  24
DTC 2016 260   24   0   0   0  24  24  24   0   0   0   0   0   0  24  24  24  24  24  24  24  24  24  24  24
DTC 2016 261   24  50  50  50  24  24  24  50  50  50  24  24  24  24  24  24  50  50  50  24  24  24   0   0
DTC 2016 262    0   0   0   0  24  24  24  50  50  50  24  24  24  50  50  50  85  85  85  85  85  85  50  50
DTC 2016 263   50  50  50  50  24  24  24  50  50  50  24  24  24  85  85  85  50  50  50  85  85  85  50  50
DTC 2016 264   50  50  50  50  85  85  85 146 146 146 115 115 115 115 115 115 115 115 115  50  50  50  85  85
DTC 2016 265   85  50  50  50  50  50  50 115 115 115  85  85  85  50  50  50  85  85  85  24  24  24   0   0
DTC 2016 266    0  24  24  24  24  24  24  50  50  50  24  24  24  50  50  50  24  24  24   0   0   0   0   0
DTC 2016 267    0   0   0   0   0   0   0  24  24  24  24  24  24  50  50  50  24  24  24   0   0   0  24  24
DTC 2016 268   24  24  24  24  24  24  24  24  24  24   0   0   0  24  24  24  24  24  24  24  24  24  24  24
DTC 2016 269   24  50  50  50  50  50  50 115 115 115 146 146 146  24  24  24  85  85  85  85  85  85  85  85
DTC 2016 270   85 146 146 146 115 115 115 115 115 115 115 115 115  85  85  85  85  85  85 115 115 115  85  85
DTC 2016 271   85 115 115 115 115 115 115 146 146 146 115 115 115 146 146 146 146 146 146 115 115 115 148 148
DTC 2016 272  148  85  85  85 115 115 115 146 146 146 146 146 146  85  85  85 146 146 146 115 115 115 146 146
DTC 2016 273  146 148 148 148 115 115 115 115 115 115 146 146 146 146 146 146 146 146 146 115 115 115 146 146
DTC 2016 274  146 115 115 115  85  85  85 115 115 115 115 115 115 115 115 115 115 115 115  85  85  85  85  85
DTC 2016 275   85 146 146 146   0   0   0  85  85  85 115 115 115  50  50  50  85  85  85  50  50  50 115 115
DTC 2016 276  115 115 115 115  85  85  85  85  85  85  85  85  85  85  85  85  50  50  50 115 115 115  50  50
DTC 2016 277   50 146 146 146 115 115 115  85  85  85 115 115 115  85  85  85  50  50  50  50  50  50  50  50
DTC 2016 278   50  85  85  85  85  85  85 115 115 115 146 146 146 115 115 115 115 115 115 115 115 115  50  50
DTC 2016 279   50  85  85  85 115 115 115 115 115 115 115 115 115  85  85  85  85  85  85  50  50  50  50  50
DTC 2016 280   50  50  50  50  85  85  85  50  50  50  50  50  50  24  24  24  24  24  24   0   0   0  50  50
DTC 2016 281   50  50  50  50  24  24  24  85  85  85  50  50  50  24  24  24  24  24  24  24  24  24  50  50
DTC 2016 282   50  50  50  50  24  24  24  50  50  50 115 115 115  50  50  50  50  50  50  24  24  24  24  24
DTC 2016 283   24  24  24  24  24  24  24  50  50  50  24  24  24  50  50  50  24  24  24  50  50  50  24  24
DTC 2016 284   24  50  50  50  24  24  24  85  85  85  85  85  85  85  85  85  50  50  50  50  50  50  85  85
DTC 2016 285   85  85  85  85  24  24  24  24  24  24  24  24  24  24  24  24  24  24  24   0   0   0   0   0
DTC 2016 286    0  24  24  24  24  24  24  24  24  24  24  24  24  24  24  24  24  24  24  24  24  24  24  24
DTC 2016 287   24  24  24  24  85  85  85  85  85 103 130 144 145 166 161 163 193 212 222 228 215 204 192 199
DTC 2016 288  206 221 204 171 159 161 154 146 139 134 116 115 115 146 146 146  85  85  85  50  50  50  50  50
DTC 2016 289   50  24  24  24  24  24  24  85  85  85  85  85  85  50  50  50  50  50  50  50  50  50  85  85
DTC 2016 290   85  50  50  50  85  85  85  85  85  85  24  24  24  85  85  85  85  85  85  85  85  85  50  50
DTC 2016 291   50 146 146 146 115 115 115 115 115 115  85  85  85 115 115 115 115 115 115  50  50  50  85  85
DTC 2016 292   85  85  85  85 115 115 115  85  85  85  85  85  85  85  85  85  50  50  50  24  24  24  50  50
DTC 2016 293   50  24  24  24  85  85  85  85  85  85  50  50  50  50  50  50  50  50  50  24  24  24  50  50
DTC 2016 294   50  50  50  50  24  24  24  24  24  24   0   0   0  24  24  24  24  24  24   0   0   0   0   0
DTC 2016 295    0  50  50  50  24  24  24  24  24  24  24  24  24  24  24  24   0   0   0   0   0   0   0   0
DTC 2016 296    0   0   0   0   0   0   0  50  50  50  24  24  24  24  24  24  50  50  50  24  24  24  50  50
DTC 2016 297   50  50  50  50  50  50  50  24  24  24  50  50  50  85  85  85  50  50  50  50  50  50  50  50
DTC 2016 298   50  85  85  85  85  85  85 115 115 115  85  85  85  85  85  85  50  50  50 115 115 115  85  85
DTC 2016 299   85  50  50  50  85  85  85 115 115 115 146 146 146 115 115 115 146 146 146 148 148 148 148 148
DTC 2016 300  148 146 146 146 148 148 148 146 146 146 146 146 146 115 115 115 148 148 148 146 146 146 148 148
DTC 2016 301  148 146 146 146 146 146 146 146 146 146 146 146 146 115 115 115  85  85  85  85  85  85 146 146
DTC 2016 302  146 115 115 115  85  85  85  85  85  85  85  85  85 115 115 115  85  85  85  85  85  85  85  85
DTC 2016 303   85  85  85  85 115 115 115 146 146 146 146 146 146 115 115 115  85  85  85 115 115 115  85  85
DTC 2016 304   85  85  85  85  85  85  85 115 115 115 115 115 115  85  85  85  85  85  85 115 115 115  85  85
DTC 2016 305   85  85  85  85  50  50  50  85  85  85  85  85  85  85  85  85  85  85  85  50  50  50  50  50
DTC 2016 306   50  50  50  50  24  24  24  50  50  50  50  50  50  50  50  50  85  85  85  85  85  85  50  50
DTC 2016 307   50  50  50  50  85  85  85 115 115 115  50  50  50  24  24  24  50  50  50  85  85  85  85  85
DTC 2016 308   85  50  50  50 115 115 115 115 115 115  85  85  85 115 115 115 115 115 115  85  85  85  85  85
DTC 2016 309   85  50  50  50 115 115 115  85  85  85  50  50  50  24  24  24  24  24  24   0   0   0   0   0
DTC 2016 310    0  24  24  24  24  24  24  24  24  24  24  24  24  24  24  24   0   0   0   0   0   0   0   0
DTC 2016 311    0   0   0   0   0   0   0  24  24  24  24  24  24  50  50  50  24  24  24  50  50  50  24  24
DTC 2016 312   24  24  24  24  24  24  24  50  50  50  24  24  24  50  50  50  24  24  24  24  24  24  24  24
DTC 2016 313   24   0   0   0   0   0   0   0   0   0   0   0   0  24  24  24  24  24  24  50  50  50  24  24
DTC 2016 314   24  24  24  24  24  24  24  24  24  24   0   0   0  50  50  50  50  50  50  50  50  50  24  24
DTC 2016 315   24  85  85  85  50  50  50  50  50  50  50  50  50  50  50  50  85  85  85  85  85  85 115 115
DTC 2016 316  115  85  85  85  85  85  85 146 146 146  50  50  50  50  50  50  50  50  50  50  50  50  85  85
DTC 2016 317   85  50  50  50  85  85  85  85  85  85 115 115 115  50  50  50 115 115 115 115 115 115  85  85
DTC 2016 318   85  85  85  85 115 115 115 115 115 115 115 115 115 115 115 115  85  85  85  85  85  85  85  85
DTC 2016 319   85 115 115 115 115 115 115  50  50  50  85  85  85  85  85  85  85  85  85  85  85  85  85  85
DTC 2016 320   85  50  50  50  85  85  85  85  85  85  50  50  50  24  24  24  50  50  50  85  85  85  24  24
DTC 2016 321   24  24  24  24  24  24  24  24  24  24  24  24  24  24  24  24  24  24  24   0   0   0  24  24
DTC 2016 322   24  50  50  50  50  50  50  50  50  50  24  24  24   0   0   0   0   0   0   0   0   0  24  24
DTC 2016 323   24  50  50  50  24  24  24  50  50  50  24  24  24   0   0   0   0   0   0   0   0   0  50  50
DTC 2016 324   50  24  24  24   0   0   0   0   0   0   0   0   0   0   0   0  24  24  24  24  24  24  24  24
DTC 2016 325   24  24  24  24  24  24  24   0   0   0  24  24  24  24  24  24  24  24  24  24  24  24  24  24
DTC 2016 326   24  24  24  24  24  24  24  24  24  24  50  50  50  24  24  24  24  24  24  50  50  50  50  50
DTC 2016 327   50  50  50  50  85  85  85  24  24  24  24  24  24  24  24  24  50  50  50  85  85  85  85  85
DTC 2016 328   85  85  85  85 115 115 115 115 115 115  85  85  85  85  85  85  50  50  50  50  50  50  50  50
DTC 2016 329   50  85  85  85  50  50  50 115 115 115  85  85  85  85  85  85 115 115 115 146 146 146  85  85
DTC 2016 330   85 115 115 115 115 115 115 115 115 115 148 148 148 146 146 146  85  85  85 115 115 115 115 115
DTC 2016 331  115 115 115 115  85  85  85  85  85  85  85  85  85  50  50  50  50  50  50  50  50  50  85  85
DTC 2016 332   85  85  85  85  50  50  50  85  85  85  85  85  85  85  85  85  85  85  85  50  50  50  24  24
DTC 2016 333   24  50  50  50  50  50  50  50  50  50  50  50  50  50  50  50  24  24  24  50  50  50  85  85
DTC 2016 334   85  50  50  50  85  85  85  50  50  50  50  50  50  24  24  24  24  24  24  24  24  24  24  24
DTC 2016 335   24  24  24  24  50  50  50  24  24  24  24  24  24  50  50  50  24  24  24   0   0   0  24  24
DTC 2016 336   24   0   0   0   0   0   0  24  24  24  50  50  50  24  24  24  24  24  24   0   0   0   0   0
DTC 2016 337    0   0   0   0   0   0   0  24  24  24  50  50  50  24  24  24  24  24  24  24  24  24  24  24
DTC 2016 338   24  24  24  24  24  24  24  24  24  24  24  24  24  24  24  24   0   0   0   0   0   0  24  24
DTC 2016 339   24  24  24  24   0   0   0   0   0   0  24  24  24   0   0   0   0   0   0   0   0   0   0   0
DTC 2016 340    0   0   0   0  24  24  24  50  50  50  24  24  24   0   0   0   0   0   0  24  24  24  24  24
DTC 2016 341   24  24  24  24  50  50  50  24  24  24  24  24  24  24  24  24  50  50  50  85  85  85  50  50
DTC 2016 342   50  24  24  24  85  85  85  24  24  24  50  50  50  85  85  85  50  50  50  50  50  50  85  85
DTC 2016 343   85  85  85  85  85  85  85 115 115 115 115 115 115  85  85  85  85  85  85  85  85  85 115 115
DTC 2016 344  115 115 115 115 115 115 115 115 115 115  50  50  50  85  85  85 115 115 115  85  85  85 115 115
DTC 2016 345  115 146 146 146 146 146 146 115 115 115  85  85  85  85  85  85  85  85  85  85  85  85  85  85
DTC 2016 346   85  85  85  85  85  85  85 115 115 115 115 115 115  50  50  50  85  85  85  50  50  50  85  85
DTC 2016 347   85  85  85  85  50  50  50  85  85  85  85  85  85  50  50  50  24  24  24   0   0   0  50  50
DTC 2016 348   50  24  24  24  50  50  50  50  50  50  24  24  24  24  24  24  24  24  24  24  24  24  24  24
DTC 2016 349   24   0   0   0  24  24  24  50  50  50  24  24  24   0   0   0  24  24  24  24  24  24   0   0
DTC 2016 350    0  24  24  24  24  24  24  24  24  24  24  24  24  24  24  24  24  24  24   0   0   0   0   0
DTC 2016 351    0  24  24  24  24  24  24  24  24  24  24  24  24   0   0   0   0   0   0   0   0   0   0   0
DTC 2016 352    0   0   0   0  24  24  24  24  24  24   0   0   0  24  24  24  24  24  24  24  24  24  24  24
DTC 2016 353   24  50  50  50  85  85  85  85  85  85  85  85  85  85  85  85  50  50  50  50  50  50  50  50
DTC 2016 354   50  24  24  24  24  24  24  24  24  24  50  50  50  50  50  50  24  24  24  24  24  24  24  24
DTC 2016 355   24  50  50  50  24  24  24  24  24  24  24  24  24  24  24  24  50  50  50  24  24  24  50  50
DTC 2016 356   50  24  24  24  85  85  85  50  50  50  50  50  50  24  24  24  85  85  85 115 115 115 148 148
DTC 2016 357  148 115 115 115 115 115 115 146 146 146 115 115 115 115 115 115  85  85  85  85  85  85  85  85
DTC 2016 358   85 115 115 115  85  85  85 115 115 115 115 115 115  85  85  85 115 115 115  85  85  85 115 115
DTC 2016 359  115 115 115 115 115 115 115  85  85  85  85  85  85  85  85  85  50  50  50  85  85  85  85  85
DTC 2016 360   85  50  50  50  50  50  50 115 115 115 115 115 115  50  50  50 115 115 115 115 115 115 115 115
DTC 2016 361  115 115 115 115  85  85  85 146 146 146  85  85  85  85  85  85  85  85  85 115 115 115 115 115
DTC 2016 362  115  85  85  85  85  85  85 115 115 115  85  85  85  50  50  50  50  50  50  50  50  50  24  24
DTC 2016 363   24  50  50  50  85  85  85  50  50  50  85  85  85  24  24  24  24  24  24  24  24  24  50  50
DTC 2016 364   50  24  24  24  50  50  50  50  50  50  24  24  24  24  24  24  24  24  24  24  24  24  50  50
DTC 2016 365   50  24  24  24  24  24  24  24  24  24  50  50  50   0   0   0  24  24  24  24  24  24  24  24
DTC 2016 366   24  24  24  24  24  24  24  24  24  24  50  50  50  50  50  50  85  85  85  85  85  85  85  85
DTC 2017   1   85  85  85  85   0   0   0 115 115 115 115 115 115  85  85  85  50  50  50  50  50  50  85  85
DTC 2017   2   85  50  50  50  50  50  50  50  50  50  85  85  85  50  50  50  50  50  50  50  50  50  50  50
DTC 2017   3   50  24  24  24  24  24  24  24  24  24  50  50  50  50  50  50 115 115 115  85  85  85  85  85
DTC 2017   4   85  85  85  85  85  85  85  24  24  24  50  50  50  50  50  50  50  50  50  50  50  50  50  50
DTC 2017   5   50 115 115 115 115 115 115  85  85  85  85  85  85  50  50  50  50  50  50  85  85  85 115 115
DTC 2017   6  115 115 115 115 115 115 115 115 115 115 115 115 115  85  85  85  50  50  50  85  85  85  85  85
DTC 2017   7   85  85  85  85  85  85  85 115 115 115  85  85  85  85  85  85  50  50  50 115 115 115 115 115
DTC 2017   8  115  85  85  85  85  85  85  85  85  85  85  85  85  50  50  50  85  85  85  85  85  85  85  85
DTC 2017   9   85 115 115 115 115 115 115 115 115 115  50  50  50  50  50  50  50  50  50 115 115 115  85  85
DTC 2017  10   85  50  50  50  85  85  85  50  50  50  50  50  50  50  50  50  24  24  24  24  24  24  85  85
DTC 2017  11   85  85  85  85  85  85  85  85  85  85  50  50  50  50  50  50  24  24  24  24  24  24  50  50
DTC 2017  12   50  50  50  50  50  50  50  50  50  50  85  85  85   0   0   0   0   0   0  24  24  24   0   0
DTC 2017  13    0  24  24  24  24  24  24  24  24  24  24  24  24  24  24  24  24  24  24  24  24  24  50  50
DTC 2017  14   50  50  50  50  24  24  24  24  24  24  50  50  50  24  24  24   0   0   0  24  24  24  24  24
DTC 2017  15   24  24  24  24  50  50  50  50  50  50  24  24  24  50  50  50  24  24  24  24  24  24  24  24
DTC 2017  16   24  50  50  50  24  24  24  24  24  24  24  24  24  24  24  24   0   0   0   0   0   0   0   0
DTC 2017  17    0  24  24  24  24  24  24  24  24  24  24  24  24   0   0   0  24  24  24  24  24  24  50  50
DTC 2017  18   50  24  24  24  24  24  24  24  24  24  85  85  85  85  85  85  85  85  85  85  85  85 115 115
DTC 2017  19  115 115 115 115 115 115 115 115 115 115  85  85  85  85  85  85  85  85  85  50  50  50  50  50
DTC 2017  20   50  24  24  24  50  50  50  85  85  85  85  85  85  50  50  50  50  50  50  50  50  50  24  24
DTC 2017  21   24  85  85  85  85  85  85  85  85  85  24  24  24  50  50  50  50  50  50  24  24  24  50  50
DTC 2017  22   50  85  85  85 115 115 115  85  85  85  85  85  85  85  85  85  50  50  50  50  50  50  50  50
DTC 2017  23   50  50  50  50  50  50  50  24  24  24  24  24  24  24  24  24   0   0   0  24  24  24  50  50
DTC 2017  24   50  50  50  50  50  50  50  50  50  50  24  24  24  24  24  24   0   0   0   0   0   0   0   0
DTC 2017  25    0  24  24  24  24  24  24  50  50  50  85  85  85  24  24  24  50  50  50   0   0   0   0   0
DTC 2017  26    0   0   0   0  24  24  24   0   0   0   0   0   0  50  50  50  50  50  50  85  85  85 115 115
DTC 2017  27  115 115 115 115  85  85  85 115 115 115 115 115 115 115 115 115  85  85  85 115 115 115  85  85
DTC 2017  28   85  50  50  50  50  50  50  85  85  85  85  85  85  50  50  50  24  24  24  24  24  24  24  24
DTC 2017  29   24  50  50  50  85  85  85  85  85  85  85  85  85  50  50  50  24  24  24  50  50  50  50  50
DTC 2017  30   50  50  50  50  24  24  24  24  24  24  24  24  24  24  24  24  24  24  24  50  50  50  50  50
DTC 2017  31   50  24  24  24  85  85  85  85  85  85  85  85  85  85  85  85 115 115 115  85  85  85 115 115
DTC 2017  32  115 115 115 115 146 146 146 146 146 146 115 115 115  85  85  85  85  85  85 115 115 115 146 146
DTC 2017  33  146  85  85  85 146 146 146 115 115 115 115 115 115 115 115 115  85  85  85  85  85  85  85  85
DTC 2017  34   85 115 115 115 115 115 115  85  85  85 115 115 115 115 115 115  50  50  50  85  85  85  85  85
DTC 2017  35   85  85  85  85  85  85  85  85  85  85  85  85  85  85  85  85  50  50  50  50  50  50  50  50
DTC 2017  36   50  50  50  50  85  85  85  85  85  85 115 115 115  85  85  85  50  50  50  85  85  85  85  85
DTC 2017  37   85  85  85  85  50  50  50  85  85  85  85  85  85  50  50  50  50  50  50  50  50  50  85  85
DTC 2017  38   85  85  85  85 115 115 115  85  85  85  50  50  50  24  24  24  24  24  24  50  50  50  50  50
DTC 2017  39   50  50  50  50  50  50  50  24  24  24   0   0   0  24  24  24  24  24  24  50  50  50  50  50
DTC 2017  40   50  24  24  24  50  50  50  50  50  50  24  24  24  24  24  24  50  50  50  24  24  24  50  50
DTC 2017  41   50  50  50  50  50  50  50  50  50  50  24  24  24  50  50  50  50  50  50  50  50  50  85  85
DTC 2017  42   85  50  50  50  85  85  85  85  85  85  50  50  50  24  24  24  24  24  24   0   0   0   0   0
DTC 2017  43    0  24  24  24  24  24  24  24  24  24   0   0   0  24  24  24   0   0   0  24  24  24  24  24
DTC 2017  44   24  24  24  24  24  24  24  50  50  50  24  24  24   0   0   0  24  24  24  24  24  24  50  50
DTC 2017  45   50  50  50  50  50  50  50   0   0   0   0   0   0   0   0   0   0   0   0   0   0   0  24  24
DTC 2017  46   24  24  24  24  24  24  24   0   0   0   0   0   0  24  24  24  24  24  24  24  24  24  24  24
DTC 2017  47   24  24  24  24  24  24  24  24  24  24  50  50  50  50  50  50   0   0   0  85  85  85  85  85
DTC 2017  48   85  50  50  50  50  50  50  50  50  50 115 115 115 115 115 115 115 115 115  50  50  50 115 115
DTC 2017  49  115  85  85  85 115 115 115 115 115 115 115 115 115  50  50  50  50  50  50  24  24  24  50  50
DTC 2017  50   50  85  85  85  85  85  85  85  85  85  85  85  85  50  50  50  24  24  24  50  50  50  85  85
DTC 2017  51   85  85  85  85  24  24  24  24  24  24  85  85  85  50  50  50  50  50  50  50  50  50  85  85
DTC 2017  52   85  85  85  85  50  50  50  50  50  50  50  50  50  24  24  24   0   0   0   0   0   0  24  24
DTC 2017  53   24   0   0   0  50  50  50 115 115 115  85  85  85  85  85  85  50  50  50  24  24  24  24  24
DTC 2017  54   24  50  50  50  24  24  24  50  50  50  50  50  50  50  50  50  50  50  50  50  50  50  85  85
DTC 2017  55   85  50  50  50  85  85  85 146 146 146 115 115 115  85  85  85 115 115 115 115 115 115  85  85
DTC 2017  56   85  50  50  50  85  85  85  85  85  85  85  85  85  50  50  50  50  50  50  24  24  24   0   0
DTC 2017  57    0  24  24  24  50  50  50  24  24  24  24  24  24   0   0   0   0   0   0  24  24  24   0   0
DTC 2017  58    0   0   0   0   0   0   0  24  24  24  50  50  50  50  50  50  50  50  50  24  24  24  24  24
DTC 2017  59   24  85  85  85  85  85  85  85  85  85  50  50  50  50  50  50  24  24  24  24  24  24  24  24
DTC 2017  60   24  50  50  50  85  85  85  85  85  85  85  85  85  85  85  85 146 146 146 146 146 146 115 115
DTC 2017  61  115 146 146 146 148 148 148 146 146 146 115 115 115 115 115 115 146 146 146 146 146 146  85  85
DTC 2017  62   85 115 115 115  85  85  85 115 115 115 115 115 115 146 146 146 115 115 115  85  85  85 115 115
DTC 2017  63  115  50  50  50  24  24  24 146 146 146 146 146 146  85  85  85  85  85  85  85  85  85  85  85
DTC 2017  64   85  50  50  50 115 115 115  85  85  85  50  50  50  85  85  85  85  85  85  85  85  85  85  85
DTC 2017  65   85 115 115 115 115 115 115 115 115 115  85  85  85  50  50  50 115 115 115 115 115 115 115 115
DTC 2017  66  115 146 146 146 115 115 115  85  85  85  85  85  85 115 115 115  85  85  85  85  85  85  85  85
DTC 2017  67   85  85  85  85  85  85  85  85  85  85  24  24  24  24  24  24  50  50  50  85  85  85  50  50
DTC 2017  68   50  85  85  85 115 115 115 115 115 115  85  85  85  50  50  50  85  85  85  85  85  85  50  50
DTC 2017  69   50  85  85  85  50  50  50  50  50  50  85  85  85 115 115 115 115 115 115  85  85  85  24  24
DTC 2017  70   24  24  24  24  50  50  50  24  24  24  24  24  24  50  50  50  24  24  24   0   0   0  24  24
DTC 2017  71   24  50  50  50  85  85  85  85  85  85 115 115 115  50  50  50  24  24  24  50  50  50  24  24
DTC 2017  72   24  24  24  24  24  24  24   0   0   0  50  50  50  24  24  24  24  24  24   0   0   0   0   0
DTC 2017  73    0   0   0   0   0   0   0  24  24  24  50  50  50   0   0   0   0   0   0  50  50  50  50  50
DTC 2017  74   50  24  24  24  24  24  24  24  24  24  50  50  50  50  50  50  50  50  50  24  24  24  24  24
DTC 2017  75   24  24  24  24  85  85  85  85  85  85  50  50  50   0   0   0  24  24  24  24  24  24   0   0
DTC 2017  76    0  24  24  24  24  24  24  24  24  24  50  50  50  24  24  24   0   0   0   0   0   0   0   0
DTC 2017  77    0  24  24  24  50  50  50  24  24  24   0   0   0   0   0   0   0   0   0   0   0   0   0   0
DTC 2017  78    0  24  24  24  24  24  24   0   0   0   0   0   0  24  24  24  24  24  24   0   0   0   0   0
DTC 2017  79    0   0   0   0  24  24  24  24  24  24   0   0   0  24  24  24  24  24  24   0   0   0  24  24
DTC 2017  80   24   0   0   0   0   0   0  50  50  50  85  85  85 115 115 115  50  50  50  85  85  85 146 146
DTC 2017  81  146 146 146 146 115 115 115 115 115 115 115 115 115  85  85  85 115 115 115 115 115 115 115 115
DTC 2017  82  115 115 115 115 146 146 146 115 115 115 115 115 115  50  50  50  50  50  50  24  24  24  50  50
DTC 2017  83   50  24  24  24  24  24  24  50  50  50  85  85  85  50  50  50   0   0   0  50  50  50  50  50
DTC 2017  84   50  24  24  24   0   0   0   0   0   0  50  50  50  24  24  24  24  24  24  24  24  24  24  24
DTC 2017  85   24   0   0   0  24  24  24  50  50  50   0   0   0  24  24  24  24  24  24  24  24  24   0   0
DTC 2017  86    0  24  24  24  24  24  24  50  50  50 146 146 146 146 146 146 148 148 148 146 146 146 146 146
DTC 2017  87  146 148 148 148 146 146 146 146 146 146 146 146 146  85  85  85 115 115 115  85  85  85  85  85
DTC 2017  88   85  85  85  85  85  85  85 115 115 115 115 115 115 115 115 115 115 115 115  85  85  85 115 115
DTC 2017  89  115  50  50  50  85  85  85  85  85  85 146 146 146  85  85  85  85  85  85  85  85  85 115 115
DTC 2017  90  115 115 115 115 146 146 146 146 146 146 146 146 146 146 146 146 115 115 115 115 115 115  85  85
DTC 2017  91   85  85  85  85   0   0   0  85  85  85  85  85  85  85  85  85  85  85  85  50  50  50 115 115
DTC 2017  92  115  85  85  85  85  85  85  85  85  85  50  50  50  50  50  50  50  50  50  85  85  85  50  50
DTC 2017  93   50  24  24  24  24  24  24  24  24  24  24  24  24   0   0   0  50  50  50  50  50  50  24  24
DTC 2017  94   24   0   0   0  24  24  24  50  50  50 115 115 115 146 146 146 146 146 146  85  85  85  24  24
DTC 2017  95   24  24  24  24  85  85  85  50  50  50  24  24  24  85  85  85  50  50  50  24  24  24  50  50
DTC 2017  96   50  50  50  50 115 115 115  50  50  50  24  24  24  24  24  24  50  50  50  50  50  50  85  85
DTC 2017  97   85  50  50  50  24  24  24  85  85  85  50  50  50  50  50  50  50  50  50  24  24  24  24  24
DTC 2017  98   24  85  85  85 115 115 115 115 115 115  85  85  85 115 115 115  50  50  50  50  50  50  50  50
DTC 2017  99   50  85  85  85 115 115 115 115 115 115 146 146 146 115 115 115  85  85  85  85  85  85  50  50
DTC 2017 100   50  24  24  24  24  24  24  50  50  50  24  24  24  24  24  24  24  24  24  50  50  50  24  24
DTC 2017 101   24  24  24  24  50  50  50  24  24  24  50  50  50  85  85  85 115 115 115  85  85  85  50  50
DTC 2017 102   50  85  85  85  50  50  50  85  85  85  85  85  85  50  50  50  50  50  50  24  24  24   0   0
DTC 2017 103    0   0   0   0   0   0   0  24  24  24  50  50  50  24  24  24   0   0   0  24  24  24  24  24
DTC 2017 104   24  50  50  50  50  50  50  85  85  85 115 115 115  85  85  85  50  50  50  85  85  85  50  50
DTC 2017 105   50  85  85  85  50  50  50  85  85  85  50  50  50  50  50  50  24  24  24  24  24  24  24  24
DTC 2017 106   24  24  24  24  24  24  24  24  24  24  24  24  24  50  50  50  50  50  50   0   0   0  24  24
DTC 2017 107   24  24  24  24  24  24  24   0   0   0  24  24  24  50  50  50  24  24  24  24  24  24  24  24
DTC 2017 108   24   0   0   0  24  24  24  50  50  50  24  24  24  24  24  24  24  24  24  50  50  50  24  24
DTC 2017 109   24  24  24  24  85  85  85  85  85  85 146 146 146  85  85  85  50  50  50   0   0   0  50  50
DTC 2017 110   50  85  85  85  85  85  85 146 146 146 148 148 148 115 115 115 146 146 146  85  85  85  85  85
DTC 2017 111   85  85  85  85  85  85  85  24  24  24  50  50  50  24  24  24  24  24  24  50  50  50 115 115
DTC 2017 112  115 146 146 146 146 146 146 146 146 146 148 148 148 146 146 146 146 146 146 148 148 148 146 146
DTC 2017 113  146 115 115 115 148 148 148 115 115 115 115 115 115 148 148 148 146 146 146 146 146 146 146 146
DTC 2017 114  146 115 115 115 115 115 115 115 115 115 115 115 115 115 115 115 115 115 115  50  50  50  85  85
DTC 2017 115   85 115 115 115  85  85  85 115 115 115  85  85  85  85  85  85  85  85  85  85  85  85  50  50
DTC 2017 116   50  85  85  85  50  50  50  85  85  85  50  50  50  85  85  85  50  50  50  50  50  50  50  50
DTC 2017 117   50  50  50  50  50  50  50  50  50  50  85  85  85  85  85  85  24  24  24  24  24  24  24  24
DTC 2017 118   24  50  50  50  50  50  50  24  24  24  24  24  24  50  50  50  24  24  24  50  50  50  24  24
DTC 2017 119   24  24  24  24  50  50  50  50  50  50  24  24  24  50  50  50  50  50  50  24  24  24  24  24
DTC 2017 120   24  50  50  50  50  50  50  50  50  50  24  24  24  50  50  50  50  50  50  24  24  24  24  24
DTC 2017 121   24  50  50  50  50  50  50  50  50  50  50  50  50   0   0   0   0   0   0  24  24  24  24  24
DTC 2017 122   24  24  24  24  50  50  50  24  24  24  50  50  50  24  24  24  24  24  24  24  24  24  24  24
DTC 2017 123   24   0   0   0  50  50  50  24  24  24  24  24  24  24  24  24  24  24  24  50  50  50  24  24
DTC 2017 124   24   0   0   0   0   0   0   0   0   0  50  50  50  50  50  50  24  24  24  24  24  24   0   0
DTC 2017 125    0  24  24  24 115 115 115  85  85  85  50  50  50  24  24  24  24  24  24  50  50  50   0   0
DTC 2017 126    0   0   0   0  24  24  24  24  24  24  50  50  50  24  24  24  24  24  24  24  24  24  24  24
DTC 2017 127   24  24  24  24  24  24  24  50  50  50  85  85  85  85  85  85  24  24  24  24  24  24  24  24
DTC 2017 128   24  85  85  85  50  50  50  50  50  50  24  24  24  50  50  50  50  50  50  24  24  24  24  24
DTC 2017 129   24  50  50  50  24  24  24  24  24  24  24  24  24  50  50  50  24  24  24  50  50  50  50  50
DTC 2017 130   50  24  24  24  50  50  50  50  50  50  24  24  24  24  24  24   0   0   0  50  50  50  24  24
DTC 2017 131   24  24  24  24  85  85  85  24  24  24  85  85  85  50  50  50  24  24  24  24  24  24  24  24
DTC 2017 132   24  24  24  24  50  50  50  50  50  50  24  24  24  50  50  50  50  50  50  85  85  85  24  24
DTC 2017 133   24  24  24  24  24  24  24  24  24  24  50  50  50  24  24  24  24  24  24  24  24  24  24  24
DTC 2017 134   24  24  24  24  24  24  24  50  50  50  50  50  50  50  50  50  85  85  85  85  85  85  50  50
DTC 2017 135   50  50  50  50  85  85  85  24  24  24  50  50  50  50  50  50 115 115 115  50  50  50  85  85
DTC 2017 136   85 115 115 115  85  85  85  85  85  85  85  85  85  50  50  50  50  50  50  85  85  85  24  24
DTC 2017 137   24  24  24  24  50  50  50  50  50  50  50  50  50  85  85  85  85  85  85  50  50  50  24  24
DTC 2017 138   24  50  50  50  50  50  50 115 115 115  85  85  85  85  85  85  50  50  50  24  24  24  24  24
DTC 2017 139   24  24  24  24  50  50  50  50  50  50  85  85  85  50  50  50  24  24  24  50  50  50  85  85
DTC 2017 140   85  85  85  85  85  85  85 115 115 115 115 115 115 115 115 115 115 115 115 115 115 115 115 115
DTC 2017 141  115  85  85  85  85  85  85  85  85  85  85  85  85  85  85  85  50  50  50  50  50  50  50  50
DTC 2017 142   50  50  50  50  50  50  50  50  50  50  50  50  50  50  50  50  50  50  50  85  85  85  50  50
DTC 2017 143   50  85  85  85  85  85  85  50  50  50  85  85  85  50  50  50  24  24  24  50  50  50  24  24
DTC 2017 144   24  50  50  50  50  50  50  50  50  50  50  50  50  24  24  24  24  24  24  24  24  24  24  24
DTC 2017 145   24   0   0   0  24  24  24   0   0   0  24  24  24   0   0   0  24  24  24  24  24  24  24  24
DTC 2017 146   24  24  24  24  50  50  50  24  24  24  24  24  24  24  24  24  24  24  24  24  24  24   0   0
DTC 2017 147    0  24  24  24  24  24  24  24  24  24  24  24  24   0   0   0  24  24  24  24  24  24  85  85
DTC 2017 148   85 141 181 214 230 231 232 254 271 277 263 250 238 227 217 207 198 200 192 115 115 115  50  50
DTC 2017 149   50  24  24  24  24  24  24  24  24  24  24  24  24  50  50  50  50  50  50 115 115 115  85  85
DTC 2017 150   85  85  85  85  24  24  24  50  50  50 115 115 115  50  50  50  24  24  24  24  24  24  24  24
DTC 2017 151   24  24  24  24  24  24  24  24  24  24  50  50  50  24  24  24   0   0   0  50  50  50   0   0
DTC 2017 152    0  24  24  24  50  50  50  24  24  24  24  24  24  24  24  24  24  24  24  24  24  24  85  85
DTC 2017 153   85  50  50  50  85  85  85  50  50  50  50  50  50  24  24  24  24  24  24  24  24  24  24  24
DTC 2017 154   24  24  24  24  24  24  24   0   0   0  24  24  24  50  50  50  50  50  50  85  85  85 115 115
DTC 2017 155  115  50  50  50  24  24  24  24  24  24  24  24  24  24  24  24   0   0   0  24  24  24   0   0
DTC 2017 156    0   0   0   0  24  24  24  24  24  24  50  50  50  24  24  24  24  24  24  50  50  50  24  24
DTC 2017 157   24  24  24  24  50  50  50  50  50  50  50  50  50  24  24  24  24  24  24  50  50  50  24  24
DTC 2017 158   24  24  24  24  24  24  24  24  24  24  50  50  50  50  50  50  24  24  24  24  24  24  24  24
DTC 2017 159   24   0   0   0  50  50  50  24  24  24   0   0   0  24  24  24  24  24  24  50  50  50  24  24
DTC 2017 160   24  24  24  24  24  24  24  85  85  85  24  24  24  24  24  24  24  24  24  24  24  24  24  24
DTC 2017 161   24  24  24  24  24  24  24  24  24  24  24  24  24  24  24  24  24  24  24  24  24  24  24  24
DTC 2017 162   24  24  24  24  24  24  24  24  24  24  50  50  50  85  85  85  50  50  50  85  85  85 146 146
DTC 2017 163  146 115 115 115  85  85  85  50  50  50  50  50  50  50  50  50  24  24  24  50  50  50  50  50
DTC 2017 164   50  50  50  50  85  85  85  85  85  85  50  50  50  24  24  24  85  85  85  24  24  24  50  50
DTC 2017 165   50  50  50  50  24  24  24   0   0   0  24  24  24  50  50  50  50  50  50  50  50  50  50  50
DTC 2017 166   50  24  24  24  24  24  24  50  50  50  24  24  24  24  24  24  24  24  24  24  24  24  24  24
DTC 2017 167   24  24  24  24   0   0   0  24  24  24  50  50  50 115 115 115  85  85  85 146 146 146 115 115
DTC 2017 168  115  85  85  85 146 146 146 115 115 115 115 115 115  50  50  50  50  50  50  50  50  50  50  50
DTC 2017 169   50 115 115 115  85  85  85  85  85  85  85  85  85  50  50  50  50  50  50  85  85  85  50  50
DTC 2017 170   50  50  50  50  50  50  50  24  24  24  50  50  50  50  50  50  50  50  50  24  24  24  24  24
DTC 2017 171   24   0   0   0  24  24  24  24  24  24  24  24  24  24  24  24  24  24  24  24  24  24  24  24
DTC 2017 172   24   0   0   0   0   0   0  24  24  24  24  24  24  24  24  24  24  24  24  24  24  24  24  24
DTC 2017 173   24  50  50  50  50  50  50  85  85  85  50  50  50  24  24  24  24  24  24  24  24  24  24  24
DTC 2017 174   24  85  85  85  50  50  50  24  24  24  24  24  24  24  24  24  50  50  50  24  24  24  24  24
DTC 2017 175   24  50  50  50  50  50  50  50  50  50  24  24  24  50  50  50  85  85  85  50  50  50  50  50
DTC 2017 176   50  85  85  85  85  85  85  50  50  50  50  50  50 115 115 115  85  85  85  50  50  50  50  50
DTC 2017 177   50  50  50  50  50  50  50  85  85  85  50  50  50  24  24  24  50  50  50  50  50  50  24  24
DTC 2017 178   24  50  50  50  50  50  50  50  50  50  50  50  50  24  24  24  24  24  24  24  24  24  24  24
DTC 2017 179   24   0   0   0  24  24  24  24  24  24  50  50  50  50  50  50  50  50  50  24  24  24  24  24
DTC 2017 180   24   0   0   0  24  24  24  24  24  24  50  50  50  50  50  50  50  50  50  24  24  24  24  24
DTC 2017 181   24  24  24  24  24  24  24   0   0   0  24  24  24  24  24  24  24  24  24  50  50  50  24  24
DTC 2017 182   24  24  24  24   0   0   0  50  50  50  85  85  85  85  85  85  50  50  50  85  85  85  85  85
DTC 2017 183   85  85  85  85  50  50  50  85  85  85  50  50  50 146 146 146 115 115 115  85  85  85  50  50
DTC 2017 184   50  85  85  85 115 115 115  50  50  50  50  50  50  24  24  24  50  50  50  24  24  24  24  24
DTC 2017 185   24  24  24  24  24  24  24  24  24  24  24  24  24  24  24  24  24  24  24  24  24  24  24  24
DTC 2017 186   24  24  24  24  50  50  50  24  24  24  24  24  24  24  24  24  24  24  24  24  24  24   0   0
DTC 2017 187    0   0   0   0  24  24  24  24  24  24  24  24  24  50  50  50  50  50  50  50  50  50  50  50
DTC 2017 188   50  50  50  50  85  85  85  50  50  50  50  50  50  24  24  24  24  24  24  24  24  24  24  24
DTC 2017 189   24  24  24  24  50  50  50  24  24  24  24  24  24  24  24  24  24  24  24  24  24  24   0   0
DTC 2017 190    0  24  24  24  24  24  24 146 146 146 115 115 115  50  50  50 146 146 146  50  50  50  85  85
DTC 2017 191   85 115 115 115 115 115 115  85  85  85 115 115 115  50  50  50  24  24  24  24  24  24  50  50
DTC 2017 192   50  24  24  24  50  50  50  50  50  50  85  85  85  85  85  85  50  50  50  24  24  24  50  50
DTC 2017 193   50  24  24  24  50  50  50  24  24  24  24  24  24  24  24  24  24  24  24  24  24  24  24  24
DTC 2017 194   24   0   0   0  24  24  24  24  24  24  24  24  24  24  24  24  24  24  24  24  24  24  24  24
DTC 2017 195   24  24  24  24  50  50  50  24  24  24  24  24  24  24  24  24  24  24  24  24  24  24  24  24
DTC 2017 196   24   0   0   0  24  24  24  24  24  24  24  24  24  24  24  24  24  24  24  24  24  24  24  24
DTC 2017 197   24  24  24  24  24  24  24  50  50  50  24  24  24 115 115 115 146 146 146 148 148 148 146 146
DTC 2017 198  146 148 148 148 146 146 146  85  85  85 115 115 115 115 115 115 115 115 115 115 115 115 148 148
DTC 2017 199  148  50  50  50  50  50  50  85  85  85  85  85  85  50  50  50  24  24  24  50  50  50  24  24
DTC 2017 200   24   0   0   0  24  24  24  24  24  24  24  24  24   0   0   0  24  24  24  24  24  24  24  24
DTC 2017 201   24  24  24  24  24  24  24  24  24  24  50  50  50  24  24  24  24  24  24  24  24  24  50  50
DTC 2017 202   50  85  85  85  85  85  85 115 115 115  85  85  85  85  85  85  24  24  24  50  50  50  85  85
DTC 2017 203   85  24  24  24  85  85  85  85  85  85  50  50  50 115 115 115 146 146 146  50  50  50  50  50
DTC 2017 204   50  50  50  50  85  85  85  85  85  85  85  85  85  85  85  85  85  85  85  85  85  85  50  50
DTC 2017 205   50  50  50  50 115 115 115  85  85  85  85  85  85  85  85  85  50  50  50  50  50  50  50  50
DTC 2017 206   50  50  50  50 115 115 115  50  50  50  50  50  50  50  50  50  50  50  50  85  85  85  50  50
DTC 2017 207   50  50  50  50  85  85  85  85  85  85  50  50  50 115 115 115  50  50  50  50  50  50  50  50
DTC 2017 208   50  24  24  24  24  24  24  24  24  24  24  24  24  50  50  50  24  24  24  50  50  50  50  50
DTC 2017 209   50  24  24  24  85  85  85  50  50  50  24  24  24  24  24  24  50  50  50  50  50  50  85  85
DTC 2017 210   85  85  85  85  50  50  50  24  24  24  24  24  24  50  50  50  24  24  24  24  24  24  24  24
DTC 2017 211   24   0   0   0  24  24  24  24  24  24  50  50  50  24  24  24  24  24  24  24  24  24   0   0
DTC 2017 212    0  24  24  24   0   0   0   0   0   0  24  24  24   0   0   0  24  24  24  24  24  24   0   0
DTC 2017 213    0   0   0   0  24  24  24  24  24  24  24  24  24  50  50  50  50  50  50  85  85  85  24  24
DTC 2017 214   24  24  24  24  24  24  24  24  24  24  24  24  24  24  24  24  24  24  24  50  50  50  50  50
DTC 2017 215   50  24  24  24  24  24  24  24  24  24  24  24  24  24  24  24  24  24  24  50  50  50 115 115
DTC 2017 216  115 115 115 115 115 115 115  85  85  85 115 115 115 115 115 115 115 115 115 115 115 115 115 115
DTC 2017 217  115  85  85  85  85  85  85  85  85  85 115 115 115  85  85  85  50  50  50  85  85  85  85  85
DTC 2017 218   85  85  85  85  85  85  85  85  85  85  85  85  85  85  85  85 115 115 115  50  50  50  24  24
DTC 2017 219   24  50  50  50  50  50  50  24  24  24  50  50  50  50  50  50  50  50  50  50  50  50  24  24
DTC 2017 220   24   0   0   0  24  24  24  24  24  24  24  24  24  24  24  24  24  24  24  24  24  24  50  50
DTC 2017 221   50  50  50  50  24  24  24  24  24  24  24  24  24  50  50  50  24  24  24  24  24  24  24  24
DTC 2017 222   24  24  24  24  50  50  50  24  24  24  24  24  24  50  50  50  50  50  50  50  50  50  24  24
DTC 2017 223   24   0   0   0  50  50  50  50  50  50  50  50  50  24  24  24  24  24  24  24  24  24  50  50
DTC 2017 224   50  85  85  85  50  50  50  85  85  85  85  85  85  50  50  50  50  50  50  50  50  50  24  24
DTC 2017 225   24  85  85  85  85  85  85  50  50  50  50  50  50  50  50  50  50  50  50  50  50  50  50  50
DTC 2017 226   50  50  50  50  50  50  50  50  50  50  24  24  24  24  24  24  24  24  24  50  50  50  24  24
DTC 2017 227   24  24  24  24  50  50  50  24  24  24  24  24  24  24  24  24  24  24  24  24  24  24   0   0
DTC 2017 228    0  24  24  24  24  24  24  50  50  50  24  24  24  24  24  24  50  50  50  24  24  24  24  24
DTC 2017 229   24  24  24  24  50  50  50  85  85  85  50  50  50 146 146 146 146 146 146 146 146 146  85  85
DTC 2017 230   85 115 115 115 115 115 115 115 115 115  85  85  85  50  50  50  85  85  85 115 115 115  85  85
DTC 2017 231   85 146 146 146  85  85  85 146 146 146 115 115 115 146 146 146 115 115 115 115 115 115 146 146
DTC 2017 232  146  85  85  85 115 115 115 146 146 146 146 146 146  85  85  85  85  85  85  50  50  50  85  85
DTC 2017 233   85  85  85  85  85  85  85  85  85  85  50  50  50  85  85  85  85  85  85  50  50  50  24  24
DTC 2017 234   24  50  50  50  85  85  85 148 148 148 146 146 146  85  85  85  50  50  50  85  85  85  50  50
DTC 2017 235   50  50  50  50  85  85  85  85  85  85 115 115 115 115 115 115  85  85  85 146 146 146 115 115
DTC 2017 236  115 146 146 146  85  85  85  85  85  85  85  85  85  85  85  85  85  85  85  85  85  85  50  50
DTC 2017 237   50  24  24  24  24  24  24  24  24  24  24  24  24  50  50  50  50  50  50  50  50  50  24  24
DTC 2017 238   24  24  24  24  50  50  50  24  24  24  24  24  24  50  50  50  24  24  24  24  24  24  50  50
DTC 2017 239   50  24  24  24  24  24  24  85  85  85  24  24  24  24  24  24  85  85  85  50  50  50  85  85
DTC 2017 240   85  85  85  85  85  85  85  24  24  24  24  24  24  24  24  24  24  24  24  24  24  24  24  24
DTC 2017 241   24   0   0   0  24  24  24  24  24  24  50  50  50  50  50  50  24  24  24  24  24  24  50  50
DTC 2017 242   50 115 115 115  85  85  85  50  50  50  50  50  50  50  50  50  24  24  24  24  24  24   0   0
DTC 2017 243    0   0   0   0   0   0   0  50  50  50  85  85  85 146 146 146 146 146 146 146 146 146 115 115
DTC 2017 244  115 115 115 115  85  85  85 115 115 115  85  85  85  50  50  50 115 115 115 115 115 115  50  50
DTC 2017 245   50  50  50  50 115 115 115 115 115 115 146 146 146 146 146 146  85  85  85  50  50  50  85  85
DTC 2017 246   85  85  85  85  85  85  85  85  85  85  85  85  85  24  24  24  50  50  50  85  85  85  50  50
DTC 2017 247   50  50  50  50  50  50  50 115 115 115  85  85  85  50  50  50  50  50  50  50  50  50  50  50
DTC 2017 248   50 115 115 115 146 146 146 115 115 115  85  85  85  85  85  85  50  50  50  50  50  50  85  85
DTC 2017 249   85  50  50  50  50  50  50  50  50  50  50  50  50  50  50  50  85  85  85  85  85  85  50  50
DTC 2017 250   50   0   0   0 115 115 115  85  85  85 115 115 115 115 115 115 115 115 115  85  85  85  76  84
DTC 2017 251  127 201 274 298 281 266 250 236 231 231 186 144 119 119 184 232 236 226 206 234 209 207 184 179
DTC 2017 252  179 169 157 148 146 146 146  85  85  85  50  50  50  50  50  50  24  24  24  24  24  24  24  24
DTC 2017 253   24  24  24  24  24  24  24  24  24  24   0   0   0  24  24  24  24  24  24  24  24  24  85  85
DTC 2017 254   85  50  50  50 115 115 115  85  85  85  85  85  85  50  50  50  50  50  50  85  85  85  50  50
DTC 2017 255   50  85  85  85  85  85  85  85  85  85  50  50  50  85  85  85  50  50  50  85  85  85  50  50
DTC 2017 256   50 115 115 115 146 146 146 146 146 146  85  85  85 115 115 115  50  50  50  50  50  50  50  50
DTC 2017 257   50  24  24  24   0   0   0  50  50  50  50  50  50  24  24  24  50  50  50 115 115 115 148 148
DTC 2017 258  148 146 146 146 115 115 115 148 148 148 115 115 115 146 146 146  85  85  85 115 115 115  85  85
DTC 2017 259   85 146 146 146 146 146 146 146 146 146 148 148 148  85  85  85  85  85  85 115 115 115 115 115
DTC 2017 260  115  85  85  85 115 115 115  85  85  85 115 115 115  50  50  50  85  85  85 115 115 115 115 115
DTC 2017 261  115  50  50  50  50  50  50 115 115 115 115 115 115 146 146 146 115 115 115  85  85  85  85  85
DTC 2017 262   85  50  50  50  85  85  85  85  85  85  50  50  50  24  24  24  50  50  50  50  50  50  50  50
DTC 2017 263   50  85  85  85  85  85  85  85  85  85  85  85  85  50  50  50  50  50  50  50  50  50  24  24
DTC 2017 264   24  50  50  50  24  24  24  24  24  24  50  50  50  85  85  85  50  50  50  50  50  50   0   0
DTC 2017 265    0  24  24  24  50  50  50  24  24  24  24  24  24  24  24  24  24  24  24  24  24  24  24  24
DTC 2017 266   24  50  50  50  50  50  50  24  24  24  50  50  50  24  24  24  24  24  24  24  24  24  24  24
DTC 2017 267   24  50  50  50  50  50  50  24  24  24  50  50  50  24  24  24  24  24  24  24  24  24  24  24
DTC 2017 268   24  50  50  50  85  85  85  85  85  85  50  50  50  24  24  24  24  24  24   0   0   0  24  24
DTC 2017 269   24   0   0   0  24  24  24  24  24  24  24  24  24  50  50  50  24  24  24  24  24  24   0   0
DTC 2017 270    0   0   0   0  50  50  50  85  85  85  50  50  50 146 152 190 180 184 191 196 200 194 214 220
DTC 2017 271  215 219 226 233 235 226 231 230 240 231 221 212 203 196 190 195 207 146 146 115 115 115 115 115
DTC 2017 272  115 115 115 115 146 146 146  85  85  85  50  50  50  85  85  85  85  85  85  85  85  85  50  50
DTC 2017 273   50  50  50  50  50  50  50  50  50  50  85  85  85 115 115 115  50  50  50  85  85  85 115 115
DTC 2017 274  115  50  50  50   0   0   0  85  85  85  50  50  50  85  85  85  50  50  50  50  50  50  85  85
DTC 2017 275   85  50  50  50  85  85  85  50  50  50 115 115 115  50  50  50  50  50  50  50  50  50  24  24
DTC 2017 276   24   0   0   0   0   0   0  85  85  85  85  85  85  85  85  85  50  50  50   0   0   0  24  24
DTC 2017 277   24  24  24  24  24  24  24  50  50  50  85  85  85  24  24  24  24  24  24  24  24  24   0   0
DTC 2017 278    0  24  24  24  50  50  50  85  85  85  24  24  24  24  24  24  24  24  24  24  24  24  24  24
DTC 2017 279   24  24  24  24  85  85  85  85  85  85  85  85  85  50  50  50  50  50  50  50  50  50  50  50
DTC 2017 280   50  24  24  24  50  50  50  50  50  50  24  24  24  24  24  24  24  24  24  24  24  24  24  24
DTC 2017 281   24  50  50  50  24  24  24  24  24  24  50  50  50  24  24  24   0   0   0  24  24  24  24  24
DTC 2017 282   24  24  24  24  24  24  24  50  50  50  24  24  24  24  24  24  24  24  24   0   0   0   0   0
DTC 2017 283    0   0   0   0  24  24  24   0   0   0   0   0   0   0   0   0  24  24  24  24  24  24   0   0
DTC 2017 284    0  24  24  24  85  85  85  85  85  85 115 115 115 146 146 146 115 115 115 115 115 115 146 146
DTC 2017 285  146 115 115 115 115 115 115 146 146 146 115 115 115 115 115 115 115 115 115 146 146 146 115 115
DTC 2017 286  115  85  85  85 115 115 115  85  85  85 146 146 146  50  50  50 115 115 115 148 148 148 146 146
DTC 2017 287  146 148 148 148 146 146 146 146 146 146 115 115 115 146 146 146 146 146 146 115 115 115 115 115
DTC 2017 288  115  85  85  85  85  85  85 115 115 115 146 146 146  85  85  85 115 115 115 146 146 146 115 115