2016   1   2457389.0  98.0 108.6  98.5 108.2 102.0 118.2 113.2 118.3  1511
2016   2   2457390.0 100.0 108.5  97.0 108.3  99.5 118.2 108.7 118.2  1511
2016   3   2457391.0 102.0 108.4 101.3 108.4  99.9 118.1 107.4 118.2  1511
2016   4   2457392.0  95.0 108.4  99.7 108.5 102.6 118.1 115.3 118.2  1511
2016   5   2457393.0  95.0 108.3  94.8 108.6 107.0 118.2 118.9 118.2  1511
2016   6   2457394.0 100.0 108.4  93.5 108.7 112.5 118.2 116.3 118.3  1511
2016   7   2457395.0 103.0 108.4 102.6 108.8 118.8 118.1 118.9 118.5  1511
2016   8   2457396.0 109.0 108.5 106.3 108.9 125.2 118.1 121.1 118.5  1511
2016   9   2457397.0 107.0 108.5 109.1 109.1 127.2 118.0 121.1 118.5  1511
2016  10   2457398.0 109.0 108.4 106.4 109.2 129.6 118.0 118.1 118.5  1511
2016  11   2457399.0 108.0 108.5 113.0 109.4 128.5 118.1 119.1 118.5  1511
2016  12   2457400.0 106.0 108.5 107.9 109.4 124.8 118.2 119.5 118.4  1511
2016  13   2457401.0 104.0 108.5 105.8 109.5 122.0 118.2 117.5 118.3  1511
2016  14   2457402.0 103.0 108.4 103.3 109.6 117.6 118.3 115.1 118.2  1511
2016  15   2457403.0 104.0 108.3 103.9 109.6 115.7 118.3 111.4 118.1  1511
2016  16   2457404.0 100.0 108.1 102.8 109.6 113.2 118.3 111.8 117.9  1511
2016  17   2457405.0 101.0 108.0 103.0 109.6 111.8 118.2 111.8 117.7  1511
2016  18   2457406.0 100.0 107.7 103.0 109.5 112.3 118.1 115.3 117.5  1511
2016  19   2457407.0  98.0 107.5 103.0 109.4 113.7 117.9 103.1 117.3  1511
2016  20   2457408.0 100.0 107.3 100.8 109.2 117.0 117.6 114.4 117.0  1511
2016  21   2457409.0 104.0 107.1  94.9 109.1 114.5 117.3 112.2 116.8  1511
2016  22   2457410.0 101.0 106.9 104.7 109.0 114.2 117.0 110.6 116.7  1511
2016  23   2457411.0  99.0 106.6  97.4 108.9 115.8 116.7 117.0 116.5  1511
2016  24   2457412.0 104.0 106.3  96.0 108.8 118.6 116.5 117.1 116.4  1C11
2016  25   2457413.0 108.0 106.0 103.2 108.7 117.4 116.2 115.8 116.1  1C11
2016  26   2457414.0 115.0 105.6 103.9 108.6 118.1 116.0 120.4 115.9  1C11
2016  27   2457415.0 113.0 105.3 104.4 108.6 117.7 115.8 114.7 115.7  1C11
2016  28   2457416.0 110.0 105.1 105.4 108.5 116.9 115.6 116.1 115.5  1C11
2016  29   2457417.0 107.0 104.8 105.2 108.4 113.4 115.4 113.7 115.2  1C11
2016  30   2457418.0 105.0 104.5 105.5 108.4 108.1 115.2 109.2 114.9  1C11
2016  31   2457419.0 101.0 104.2 104.8 108.3 105.3 115.0 111.9 114.6  1C11
2016  32   2457420.0 100.0 103.8  99.2 108.1 110.1 114.8 111.9 114.2  1C11
2016  33   2457421.0 102.0 103.2 100.0 107.9 114.0 114.5 119.0 113.8  1C11
2016  34   2457422.0 112.0 102.8 103.0 107.7 119.1 114.1 123.0 113.5  1C11
2016  35   2457423.0 123.0 102.4 114.1 107.5 128.7 113.8 124.0 113.2  1C11
2016  36   2457424.0 120.0 102.0 122.4 107.4 128.9 113.6 125.4 113.0  1C11
2016  37   2457425.0 117.0 101.8 125.5 107.3 134.3 113.3 124.9 112.7  1C11
2016  38   2457426.0 117.0 101.5 127.6 107.2 133.8 113.1 124.6 112.5  1C11
2016  39   2457427.0 115.0 101.3 126.8 107.1 131.8 112.9 124.7 112.3  1C11
2016  40   2457428.0 117.0 101.2 125.6 107.1 132.6 112.8 120.9 112.1  1C11
2016  41   2457429.0 112.0 101.1 127.2 107.0 128.8 112.6 120.6 111.8  1C11
2016  42   2457430.0 113.0 101.0 125.4 106.9 127.3 112.5 121.7 111.6  1C11
2016  43   2457431.0 112.0 100.8 126.5 106.8 122.9 112.5 119.3 111.4  1C11
2016  44   2457432.0 110.0 100.6 127.0 106.7 118.1 112.4 121.5 111.2  1C11
2016  45   2457433.0 108.0 100.5 125.4 106.5 117.5 112.3 120.3 110.9  1C11
2016  46   2457434.0 107.0 100.4 123.7 106.4 116.3 112.1 120.3 110.5  1C11
2016  47   2457435.0 104.0 100.2 122.5 106.4 109.2 111.9 117.2 110.1  1C11
2016  48   2457436.0 100.0 100.0 115.4 106.2 108.5 111.5 113.0 109.8  1C11
2016  49   2457437.0  95.0  99.8 112.4 106.0 104.0 111.1 109.1 109.3  1C11
2016  50   2457438.0  94.0  99.5 109.2 105.8 105.3 110.6 108.2 108.9  1C11
2016  51   2457439.0 100.0  99.2 108.5 105.5 108.8 110.2 106.9 108.6  1C11
2016  52   2457440.0  96.0  98.9 103.2 105.2 107.8 109.8 105.7 108.2  1C11
2016  53   2457441.0  94.0  98.6 102.7 104.9 104.5 109.3 102.4 107.8  1C11
2016  54   2457442.0  91.0  98.3 100.8 104.6 106.5 109.0 104.6 107.4  1C11
2016  55   2457443.0  88.0  98.0 100.2 104.4 105.3 108.6 101.7 107.1  1C11
2016  56   2457444.0  92.0  97.8  97.8 104.2 102.9 108.3 100.0 106.8  1C11
2016  57   2457445.0  89.0  97.6  97.2 104.0 101.2 108.0  99.5 106.7  1C11
2016  58   2457446.0  90.0  97.5  97.2 103.7 100.2 107.7 100.7 106.5  1C11
2016  59   2457447.0  93.0  97.5  97.5 103.5 102.6 107.4 103.3 106.3  1C11
2016  60   2457448.0  91.0  97.6 100.8 103.3 102.4 107.2 105.3 106.3  1C11
2016  61   2457449.0  97.0  97.7 101.4 103.1 107.8 106.9 112.7 106.1  1C11
2016  62   2457450.0  98.0  97.9 105.0 103.1 110.4 106.7 124.4 106.0  1C11
2016  63   2457451.0  99.0  98.0 108.8 102.9 112.6 106.5 119.8 105.9  1C11
2016  64   2457452.0 101.0  98.1 114.0 102.8 115.6 106.3 115.2 105.6  1C11
2016  65   2457453.0  96.0  98.2 116.7 102.6 113.4 106.1 110.8 105.4  1C11
2016  66   2457454.0  96.0  98.2 113.2 102.5 113.4 105.9 108.1 105.3  1C11
2016  67   2457455.0  94.0  98.2 113.2 102.3 112.8 105.7 106.7 105.0  1C11
2016  68   2457456.0  96.0  98.1 110.9 102.1 111.6 105.5 108.3 104.8  1C11
2016  69   2457457.0  97.0  97.9 111.0 101.8 108.5 105.2 106.8 104.5  1C11
2016  70   2457458.0  95.0  97.7 111.1 101.6 106.7 105.0 105.8 104.2  1C11
2016  71   2457459.0  94.0  97.4 111.6 101.3 106.8 104.7 104.9 103.9  1C11
2016  72   2457460.0  95.0  97.1 109.2 101.0 105.9 104.4  98.5 103.5  1C11
2016  73   2457461.0  93.0  96.8 107.1 100.7 103.9 104.0 102.1 103.1  1C11
2016  74   2457462.0  93.0  96.5 103.6 100.4 101.3 103.6 100.0 102.7  1C11
2016  75   2457463.0  94.0  96.2 101.6 100.1  99.8 103.2 102.3 102.2  1C11
2016  76   2457464.0  91.0  95.7 100.8  99.7 102.1 102.7 102.8 101.7  1C11
2016  77   2457465.0  92.0  95.2  99.3  99.3 102.0 102.2  97.0 101.4  1C11
2016  78   2457466.0  90.0  94.9  98.6  98.8  99.6 101.7  96.4 101.0  1C11
2016  79   2457467.0  89.0  94.7  96.2  98.2 100.7 101.3  92.3 100.6  1C11
2016  80   2457468.0  88.0  94.4  94.5  97.8  97.4 100.9  92.5 100.3  1C11
2016  81   2457469.0  89.0  94.1  92.2  97.4  97.2 100.4  93.3 100.0  1C11
2016  82   2457470.0  87.0  93.9  91.9  96.9  94.7 100.1  98.4  99.7  1C11
2016  83   2457471.0  87.0  93.6  90.6  96.5  94.1  99.7  91.2  99.4  1C11
2016  84   2457472.0  87.0  93.3  88.8  96.0  93.4  99.4  91.9  99.1  1C11
2016  85   2457473.0  86.0  93.0  87.3  95.6  92.2  99.2  90.6  98.8  1C11
2016  86   2457474.0  86.0  92.8  87.5  95.2  93.0  98.9  85.4  98.6  1C11
2016  87   2457475.0  88.0  92.6  87.4  94.8  92.2  98.7  87.1  98.3  1C11
2016  88   2457476.0  88.0  92.4  89.6  94.3  90.9  98.5  91.3  98.0  1C11
2016  89   2457477.0  88.0  92.2  91.4  94.0  90.6  98.4  84.1  97.7  1C11
2016  90   2457478.0  84.0  92.1  90.0  93.7  92.1  98.3  86.9  97.6  1C11
2016  91   2457479.0  82.0  92.0  87.5  93.4  93.1  98.2  87.9  97.5  1C11
2016  92   2457480.0  82.0  92.0  85.3  93.2  93.6  98.1  87.1  97.3  1C11
2016  93   2457481.0  82.0  91.9  84.8  93.0  90.6  98.0  89.4  97.2  1C11
2016  94   2457482.0  82.0  91.9  84.2  92.9  91.1  98.0  89.3  97.3  1C11
2016  95   2457483.0  83.0  92.0  84.1  92.8  91.3  97.9  85.1  97.3  1C11
2016  96   2457484.0  83.0  92.3  85.8  92.7  88.7  97.9  91.0  97.2  1C11
2016  97   2457485.0  87.0  92.4  83.8  92.7  87.5  97.9  99.5  97.2  1C11
2016  98   2457486.0  92.0  92.6  84.0  92.6  89.4  97.9  99.1  97.1  1C11
2016  99   2457487.0  98.0  92.7  84.6  92.5  89.8  97.9 101.9  97.0  1C11
2016 100   2457488.0 106.0  92.8  85.0  92.3  92.4  97.8 100.3  96.9  1C11
2016 101   2457489.0 111.0  92.9  89.0  92.1  94.3  97.8 100.4  96.6  1511
2016 102   2457490.0 117.0  92.9  89.8  91.9  96.5  97.7 100.1  96.4  1511
2016 103   2457491.0 111.0  92.9  90.9  91.6  98.6  97.6 100.4  96.0  1511
2016 104   2457492.0 108.0  92.9  86.3  91.3 100.4  97.4  99.2  95.6  1511
2016 105   2457493.0 111.0  92.8  87.4  90.9 102.6  97.1 101.3  95.2  1511
2016 106   2457494.0 112.0  92.8  88.2  90.5 102.7  96.8 103.2  94.9  1511
2016 107   2457495.0 113.0  92.7  88.6  90.1 102.9  96.6  99.9  94.7  1511
2016 108   2457496.0 102.0  92.7  87.7  89.7  98.7  96.3  98.7  94.4  1511
2016 109   2457497.0  95.0  92.6  85.7  89.4  96.3  96.0  90.7  94.0  1511
2016 110   2457498.0  89.0  92.4  88.2  89.0  91.1  95.7  90.3  93.7  1511
2016 111   2457499.0  83.0  92.3  81.1  88.7  84.8  95.5  82.2  93.4  1511
2016 112   2457500.0  77.0  92.2  79.0  88.3  81.1  95.3  80.9  93.2  1511
2016 113   2457501.0  77.0  92.1  76.7  88.0  81.1  95.2  81.3  93.1  1511
2016 114   2457502.0  79.0  92.0  77.2  87.7  82.1  95.1  82.3  92.9  1511
2016 115   2457503.0  82.0  91.9  78.9  87.5  84.3  95.0  83.1  92.7  1511
2016 116   2457504.0  82.0  91.7  82.4  87.2  85.6  94.9  84.6  92.5  1511
2016 117   2457505.0  85.0  91.6  82.4  86.9  91.2  94.8  97.6  92.2  1511
2016 118   2457506.0  93.0  91.4  85.1  86.7  95.0  94.6  94.3  92.0  1511
2016 119   2457507.0  95.0  91.3  84.8  86.4  97.4  94.6  95.6  91.8  1511
2016 120   2457508.0  92.0  91.1  92.1  86.2 100.1  94.4  97.0  91.8  1511
2016 121   2457509.0  94.0  91.1  89.9  86.1  98.3  94.3  95.5  91.7  1D11
2016 122   2457510.0  92.0  91.1  89.8  86.0  99.5  94.2  96.1  91.6  1D11
2016 123   2457511.0  90.0  91.1  90.2  85.9  99.3  94.2  98.7  91.5  1D11
2016 124   2457512.0  90.0  91.2  91.3  85.8  99.6  94.1  99.4  91.6  1D11
2016 125   2457513.0  90.0  91.2  92.1  85.8  96.9  94.2  96.6  91.6  1D11
2016 126   2457514.0  87.0  91.2  91.5  85.7  97.6  94.2  97.7  91.6  1D11
2016 127   2457515.0  90.0  91.2  90.0  85.7  96.1  94.3  96.1  91.7  1D11
2016 128   2457516.0  88.0  91.2  88.0  85.7  95.6  94.4  93.7  91.7  1D11
2016 129   2457517.0  84.0  91.2  86.9  85.6  97.4  94.5  94.8  91.8  1D11
2016 130   2457518.0  89.0  91.2  86.9  85.6  96.7  94.6  97.2  91.8  1D11
2016 131   2457519.0  89.0  91.2  87.8  85.5  98.2  94.7  97.0  91.9  1D11
2016 132   2457520.0  94.0  91.2  89.0  85.5 101.1  94.8  96.0  91.9  1D11
2016 133   2457521.0  92.0  91.2  90.0  85.4  99.4  94.7  98.5  91.9  1D11
2016 134   2457522.0  93.0  91.1  91.5  85.4 100.8  94.7 104.2  91.9  1D11
2016 135   2457523.0 101.0  91.1  93.7  85.4 103.0  94.5 104.5  91.8  1D11
2016 136   2457524.0 108.0  91.0  94.3  85.3 106.8  94.4  98.6  91.8  1D11
2016 137   2457525.0 102.0  90.9  94.1  85.3 101.2  94.3  96.8  91.7  1D11
2016 138   2457526.0 103.0  90.8  91.5  85.3  99.4  94.2  93.2  91.4  1D11
2016 139   2457527.0 102.0  90.6  88.6  85.3 100.0  94.1  92.6  91.2  1D11
2016 140   2457528.0  99.0  90.3  86.2  85.3  99.3  93.9  92.3  91.0  1D11
2016 141   2457529.0 100.0  89.9  84.3  85.3 100.6  93.8  86.6  90.8  1D11
2016 142   2457530.0  98.0  89.4  83.9  85.2  97.9  93.7  91.3  90.5  1D11
2016 143   2457531.0  97.0  88.9  83.0  85.0  99.0  93.6  93.7  90.3  1D11
2016 144   2457532.0  97.0  88.4  82.5  84.9  96.9  93.4  87.7  90.1  1D11
2016 145   2457533.0  94.0  87.9  82.1  84.8  94.3  93.2  84.7  89.8  1D11
2016 146   2457534.0  94.0  87.5  81.6  84.7  92.2  92.9  86.4  89.6  1D11
2016 147   2457535.0  92.0  87.0  81.8  84.6  90.2  92.7  86.0  89.4  1D11
2016 148   2457536.0  90.0  86.5  82.6  84.5  88.2  92.5  84.6  89.3  1D11
2016 149   2457537.0  88.0  86.3  83.2  84.5  88.8  92.3  81.5  89.2  1D11
2016 150   2457538.0  83.0  86.2  83.0  84.5  85.6  92.3  80.9  89.1  1D11
2016 151   2457539.0  86.0  86.2  82.6  84.6  90.5  92.3  82.9  89.2  1D11
2016 152   2457540.0  87.0  86.4  82.9  84.7  92.0  92.5  85.5  89.3  1D11
2016 153   2457541.0  86.0  86.6  83.5  84.9  95.5  92.9  89.1  89.5  1D11
2016 154   2457542.0  85.0  86.8  83.4  85.2  93.7  93.2  89.4  89.7  1D11
2016 155   2457543.0  83.0  87.0  82.4  85.4  93.8  93.6  82.7  89.9  1D11
2016 156   2457544.0  80.0  87.2  81.1  85.5  93.8  94.0  81.2  90.1  1D11
2016 157   2457545.0  79.0  87.4  79.8  85.7  93.2  94.4  83.0  90.3  1D11
2016 158   2457546.0  79.0  87.7  78.8  85.8  91.5  94.7  78.2  90.4  1D11
2016 159   2457547.0  79.0  87.8  78.5  85.9  91.8  94.9  84.3  90.4  1D11
2016 160   2457548.0  80.0  88.0  79.5  86.0  89.6  95.0  86.3  90.4  1D11
2016 161   2457549.0  85.0  88.1  81.3  86.1  87.6  95.0  87.0  90.3  1D11
2016 162   2457550.0  85.0  88.3  82.8  86.1  89.0  94.9  87.0  90.3  1D11
2016 163   2457551.0  88.0  88.4  84.0  86.2  91.3  94.7  90.6  90.2  1D11
2016 164   2457552.0  94.0  88.4  85.1  86.1  93.6  94.5  94.2  90.1  1D11
2016 165   2457553.0  91.0  88.3  86.2  86.1  95.0  94.2  93.1  90.0  1D11
2016 166   2457554.0  88.0  88.2  86.2  86.0  94.6  93.9  91.6  89.7  1D11
2016 167   2457555.0  87.0  88.1  85.8  85.8  98.9  93.6  94.3  89.4  1D11
2016 168   2457556.0  88.0  87.9  85.0  85.7 100.3  93.4  87.1  89.0  1D11
2016 169   2457557.0  87.0  87.7  84.9  85.4 101.9  93.1  96.0  88.7  1D11
2016 170   2457558.0  84.0  87.5  84.8  85.2 101.2  92.8  92.2  88.5  1D11
2016 171   2457559.0  85.0  87.3  84.4  84.9  99.8  92.6  89.8  88.3  1D11
2016 172   2457560.0  84.0  87.0  84.3  84.7  96.0  92.3  90.7  88.1  1D11
2016 173   2457561.0  80.0  86.8  83.0  84.5  91.1  92.1  85.8  87.9  1D11
2016 174   2457562.0  78.0  86.5  82.6  84.2  84.2  91.8  87.4  87.7  1D11
2016 175   2457563.0  78.0  86.3  81.8  84.0  81.7  91.5  84.6  87.4  1D11
2016 176   2457564.0  76.0  86.0  82.5  83.8  79.5  91.2  82.9  87.1  1D11
2016 177   2457565.0  77.0  85.6  83.2  83.6  78.5  90.8  81.6  86.9  1D11
2016 178   2457566.0  77.0  85.3  83.9  83.4  79.1  90.6  81.8  86.8  1D11
2016 179   2457567.0  75.0  85.1  83.7  83.2  80.4  90.4  82.6  86.8  1D11
2016 180   2457568.0  73.0  85.0  82.7  83.2  80.5  90.2  82.6  86.8  1D11
2016 181   2457569.0  74.0  84.9  82.0  83.2  83.1  90.1  79.7  86.8  1D11
2016 182   2457570.0  73.0  84.8  81.2  83.2  85.0  90.1  78.9  86.9  1D11
2016 183   2457571.0  72.0  84.8  80.5  83.2  85.1  90.1  83.4  87.0  1D11
2016 184   2457572.0  71.0  84.8  78.7  83.2  82.3  90.2  81.1  87.0  1D11
2016 185   2457573.0  72.0  84.7  78.2  83.2  83.7  90.2  81.0  87.1  1D11
2016 186   2457574.0  74.0  84.7  78.3  83.3  84.6  90.3  83.4  87.3  1D11
2016 187   2457575.0  72.0  84.6  80.0  83.4  84.9  90.4  87.6  87.4  1D11
2016 188   2457576.0  77.0  84.6  82.8  83.5  83.9  90.5  87.8  87.5  1D11
2016 189   2457577.0  83.0  84.5  86.4  83.5  88.1  90.5  92.5  87.6  1D11
2016 190   2457578.0  87.0  84.5  89.8  83.6  88.8  90.5  87.1  87.6  1D11
2016 191   2457579.0  92.0  84.5  92.3  83.7  98.2  90.4  93.4  87.6  1D11
2016 192   2457580.0  94.0  84.4  93.9  83.8  99.0  90.3  91.7  87.7  1D11
2016 193   2457581.0  95.0  84.3  94.6  83.8 108.1  90.0  97.7  87.6  1D11
2016 194   2457582.0  92.0  84.2  94.2  83.9 112.8  89.8  96.4  87.5  1D11
2016 195   2457583.0  97.0  84.1  93.4  83.9 112.3  89.6  99.4  87.5  1D11
2016 196   2457584.0  95.0  84.1  93.3  83.9 115.7  89.4  99.3  87.5  1D11
2016 197   2457585.0 102.0  84.1  92.7  84.0 118.0  89.2 102.9  87.6  1D11
2016 198   2457586.0 107.0  84.1  93.2  84.0 114.2  89.1 102.6  87.7  1D11
2016 199   2457587.0 105.0  84.1  94.0  84.1 110.6  89.0  99.1  87.8  1D11
2016 200   2457588.0 107.0  84.2  95.1  84.2 105.3  88.9  94.9  87.8  1D11
2016 201   2457589.0 101.0  84.2  95.1  84.4  98.5  88.9  86.3  87.9  1D11
2016 202   2457590.0 108.0  84.3  94.3  84.5  92.8  88.9  96.4  88.0  1D11
2016 203   2457591.0 100.0  84.4  92.2  84.7  84.7  88.8  88.0  88.1  1D11
2016 204   2457592.0  90.0  84.6  89.6  84.9  81.3  88.8  90.7  88.1  1D11
2016 205   2457593.0  86.0  84.6  86.7  85.1  77.0  88.6  86.1  88.1  1D11
2016 206   2457594.0  82.0  84.6  83.6  85.3  73.6  88.5  76.4  88.1  1D11
2016 207   2457595.0  74.0  84.8  79.7  85.5  74.6  88.4  71.1  88.1  1D11
2016 208   2457596.0  74.0  84.9  75.0  85.7  73.7  88.2  65.8  88.2  1D11
2016 209   2457597.0  72.0  85.0  70.7  85.9  73.7  88.1  71.7  88.3  1D11
2016 210   2457598.0  70.0  85.0  67.6  86.0  75.4  88.0  76.3  88.3  1D11
2016 211   2457599.0  71.0  85.1  66.7  86.2  77.6  87.9  80.9  88.4  1D11
2016 212   2457600.0  71.0  85.3  67.6  86.4  78.6  87.9  80.3  88.5  1D11
2016 213   2457601.0  72.0  85.3  69.3  86.6  78.8  87.8  79.9  88.6  1D11
2016 214   2457602.0  72.0  85.5  71.8  86.7  77.2  87.9  79.9  88.7  1D11
2016 215   2457603.0  75.0  85.6  73.6  87.0  77.2  87.9  80.1  88.7  1C11
2016 216   2457604.0  75.0  85.7  75.2  87.2  77.1  88.0  83.9  88.8  1C11
2016 217   2457605.0  76.0  85.8  76.4  87.4  78.4  88.1  85.0  88.9  1C11
2016 218   2457606.0  80.0  85.9  78.0  87.7  81.9  88.1  84.8  88.9  1C11
2016 219   2457607.0  83.0  86.0  80.7  87.9  82.7  88.0  91.8  89.1  1C11
2016 220   2457608.0  93.0  86.1  84.1  88.0  87.1  88.0  94.2  89.1  1C11
2016 221   2457609.0  96.0  86.2  86.1  88.2  91.6  87.9  95.0  89.2  1C11
2016 222   2457610.0  92.0  86.3  86.2  88.4  97.7  87.7  94.6  89.4  1C11
2016 223   2457611.0  95.0  86.5  85.1  88.5 100.8  87.6  95.5  89.6  1C11
2016 224   2457612.0  95.0  86.6  83.5  88.7 102.1  87.6  96.6  89.8  1C11
2016 225   2457613.0  95.0  86.8  83.5  88.9 102.0  87.6  97.0  89.9  1C11
2016 226   2457614.0  91.0  87.0  85.1  89.0 101.1  87.6  98.3  90.0  1C11
2016 227   2457615.0  87.0  87.1  88.1  89.2 100.1  87.6  96.0  90.2  1C11
2016 228   2457616.0  88.0  87.3  89.9  89.4  95.5  87.6  91.2  90.2  1C11
2016 229   2457617.0  87.0  87.4  90.0  89.6  91.6  87.5  89.5  90.2  1C11
2016 230   2457618.0  83.0  87.4  89.4  89.7  86.2  87.3  85.9  90.2  1C11
2016 231   2457619.0  82.0  87.4  88.5  89.8  82.1  87.2  84.0  90.2  1C11
2016 232   2457620.0  81.0  87.3  88.3  89.8  78.0  86.9  84.0  90.2  1C11
2016 233   2457621.0  78.0  87.2  88.3  89.7  72.5  86.6  82.6  90.1  1C11
2016 234   2457622.0  77.0  87.0  88.0  89.6  71.8  86.1  82.8  90.1  1C11
2016 235   2457623.0  80.0  86.9  86.7  89.4  77.5  85.7  85.3  90.0  1C11
2016 236   2457624.0  81.0  86.7  84.6  89.3  77.8  85.2  86.6  90.0  1C11
2016 237   2457625.0  78.0  86.6  83.8  89.1  80.3  84.8  85.9  89.9  1C11
2016 238   2457626.0  79.0  86.5  84.5  89.0  82.6  84.5  87.1  89.8  1C11
2016 239   2457627.0  82.0  86.4  85.9  88.8  86.9  84.2  87.8  89.7  1C11
2016 240   2457628.0  84.0  86.3  87.5  88.6  87.0  84.0  87.2  89.7  1C11
2016 241   2457629.0  85.0  86.3  90.1  88.5  84.4  83.8  92.3  89.6  1C11
2016 242   2457630.0  88.0  86.3  93.6  88.3  87.1  83.8  96.3  89.8  1C11
2016 243   2457631.0 100.0  86.3  97.7  88.2  84.4  83.8  91.9  89.7  1C11
2016 244   2457632.0  98.0  86.3 100.4  88.0  87.6  83.8  97.8  89.8  1C11
2016 245   2457633.0  95.0  86.4 102.5  87.9  83.0  83.9  94.6  89.9  1C11
2016 246   2457634.0  95.0  86.6 103.4  87.9  86.4  84.0  89.8  90.2  1C11
2016 247   2457635.0  99.0  86.8 102.3  87.9  83.3  84.0  93.1  90.5  1C11
2016 248   2457636.0  97.0  87.0 100.6  88.0  87.1  84.1  96.4  90.9  1C11
2016 249   2457637.0  94.0  87.1  98.4  88.1  86.8  84.0  96.9  91.3  1C11
2016 250   2457638.0  92.0  87.2  98.5  88.3  92.9  84.0  97.8  91.6  1C11
2016 251   2457639.0  93.0  87.3  98.1  88.4  94.1  84.0  98.7  91.9  1C11
2016 252   2457640.0  95.0  87.4  98.1  88.6  97.3  83.9  99.2  92.1  1C11
2016 253   2457641.0  91.0  87.5  98.0  88.7  94.1  83.9  98.9  92.3  1C11
2016 254   2457642.0  93.0  87.5  98.9  88.8  94.0  83.8  92.1  92.5  1C11
2016 255   2457643.0  86.0  87.6  99.9  88.8  90.3  83.7  90.7  92.7  1C11
2016 256   2457644.0  87.0  87.6 100.9  88.8  90.1  83.6  90.8  92.9  1C11
2016 257   2457645.0  86.0  87.6 102.1  88.8  82.8  83.5  89.8  93.0  1C11
2016 258   2457646.0  85.0  87.6 102.2  88.8  79.8  83.3  87.6  93.1  1C11
2016 259   2457647.0  84.0  87.6 100.4  88.8  74.2  83.1  92.7  93.2  1C11
2016 260   2457648.0  84.0  87.5  97.6  88.8  75.2  82.9  85.7  93.2  1C11
2016 261   2457649.0  80.0  87.4  95.8  88.7  70.3  82.7  90.8  93.2  1C11
2016 262   2457650.0  83.0  87.1  94.6  88.6  74.9  82.4  92.5  93.2  1C11
2016 263   2457651.0  83.0  87.0  94.2  88.5  75.2  82.0  97.8  93.2  1C11
2016 264   2457652.0  85.0  86.8  93.5  88.5  82.8  81.6  96.6  93.2  1C11
2016 265   2457653.0  86.0  86.5  92.8  88.4  81.4  81.3  91.3  93.2  1C11
2016 266   2457654.0  85.0  86.3  93.0  88.3  83.1  81.0  91.6  93.2  1C11
2016 267   2457655.0  86.0  86.1  94.0  88.2  85.6  80.7  95.7  93.2  1C11
2016 268   2457656.0  85.0  86.0  95.6  88.0  82.0  80.4  88.2  93.2  1C11
2016 269   2457657.0  85.0  85.9  96.6  87.9  79.3  80.1  90.0  93.3  1C11
2016 270   2457658.0  87.0  85.7  96.5  87.7  75.4  79.9  89.8  93.4  1C11
2016 271   2457659.0  86.0  85.6  94.9  87.5  75.5  79.8  87.8  93.5  1C11
2016 272   2457660.0  84.0  85.6  91.3  87.3  74.1  79.6  89.9  93.7  1C11
2016 273   2457661.0  83.0  85.5  86.9  87.1  74.0  79.5  89.9  93.8  1C11
2016 274   2457662.0  81.0  85.6  83.8  86.9  72.7  79.4  94.6  94.0  1C11
2016 275   2457663.0  81.0  85.6  82.2  86.7  75.4  79.4  92.6  94.1  1C11
2016 276   2457664.0  82.0  85.6  81.6  86.6  76.8  79.2  93.3  94.2  1C11
2016 277   2457665.0  88.0  85.5  80.8  86.4  83.3  79.1  93.0  94.3  1C11
2016 278   2457666.0  93.0  85.5  80.6  86.2  87.0  78.9  94.6  94.4  1C11
2016 279   2457667.0  99.0  85.5  80.5  86.1  91.9  78.7  96.1  94.5  1C11
2016 280   2457668.0 102.0  85.4  80.8  85.8  94.4  78.5  95.2  94.6  1C11
2016 281   2457669.0 104.0  85.4  81.5  85.6  94.0  78.3  93.9  94.7  1C11
2016 282   2457670.0 104.0  85.3  81.8  85.4  94.8  78.1  94.6  94.7  1C11
2016 283   2457671.0 105.0  85.2  81.9  85.1  91.3  77.9  96.3  94.7  1C11
2016 284   2457672.0 102.0  84.9  81.9  84.7  89.3  77.8  96.7  94.7  1C11
2016 285   2457673.0  99.0  84.7  82.0  84.3  85.9  77.5  95.4  94.6  1C11
2016 286   2457674.0  98.0  84.4  82.7  83.9  83.1  77.3 105.9  94.6  1C11
2016 287   2457675.0  95.0  84.2  84.6  83.5  78.9  77.0 105.0  94.6  1C11
2016 288   2457676.0  93.0  83.9  86.3  83.0  77.0  76.8 102.0  94.6  1C11
2016 289   2457677.0  85.0  83.7  86.6  82.6  72.6  76.6  99.7  94.6  1C11
2016 290   2457678.0  81.0  83.5  83.4  82.2  72.9  76.3  97.6  94.5  1C11
2016 291   2457679.0  76.0  83.4  80.1  81.8  72.2  76.0  97.0  94.5  1C11
2016 292   2457680.0  77.0  83.3  77.2  81.5  72.8  75.8  97.4  94.5  1C11
2016 293   2457681.0  77.0  83.2  76.3  81.1  73.6  75.5  97.0  94.5  1C11
2016 294   2457682.0  75.0  83.1  75.9  80.7  73.2  75.3  96.4  94.5  1C11
2016 295   2457683.0  78.0  83.0  75.8  80.4  70.8  75.2  95.3  94.6  1C11
2016 296   2457684.0  78.0  83.0  75.9  80.0  67.1  75.1  93.9  94.7  1C11
2016 297   2457685.0  77.0  82.9  76.0  79.6  67.1  75.0  92.4  94.8  1C11
2016 298   2457686.0  75.0  82.9  76.0  79.2  65.2  74.9  92.6  94.9  1C11
2016 299   2457687.0  78.0  82.9  76.2  78.8  65.8  74.9  93.2  95.0  1C11
2016 300   2457688.0  78.0  82.9  76.4  78.3  66.2  74.9  93.4  95.1  1C11
2016 301   2457689.0  79.0  82.8  78.3  78.0  67.3  74.8  93.7  95.2  1C11
2016 302   2457690.0  79.0  82.8  79.4  77.6  67.4  74.8  94.6  95.2  1C11
2016 303   2457691.0  79.0  82.7  79.9  77.2  68.0  74.6  94.8  95.2  1C11
2016 304   2457692.0  76.0  82.6  78.8  76.8  69.3  74.4  94.8  95.0  1C11
2016 305   2457693.0  77.0  82.4  78.0  76.4  73.4  74.2  96.1  94.9  1C11
2016 306   2457694.0  77.0  82.2  76.7  76.0  77.7  73.9  99.1  94.9  1C11
2016 307   2457695.0  76.0  82.0  76.2  75.7  77.8  73.6  99.4  94.8  1C11
2016 308   2457696.0  76.0  81.9  75.3  75.3  75.9  73.4  98.4  94.8  1C11
2016 309   2457697.0  77.0  81.7  75.1  74.9  77.5  73.1  98.8  94.8  1C11
2016 310   2457698.0  77.0  81.6  74.0  74.4  74.2  72.9  97.4  94.8  1C11
2016 311   2457699.0  76.0  81.4  73.5  74.0  71.9  72.7  95.9  94.7  1C11
2016 312   2457700.0  77.0  81.2  72.9  73.6  71.0  72.6  95.5  94.7  1C11
2016 313   2457701.0  77.0  81.1  73.2  73.3  69.3  72.4  95.8  94.7  1C11
2016 314   2457702.0  80.0  80.9  73.5  73.0  66.7  72.3  94.3  94.7  1C11
2016 315   2457703.0  80.0  80.9  73.8  72.8  65.3  72.2  92.8  94.6  1C11
2016 316   2457704.0  78.0  80.8  73.4  72.6  65.8  72.1  93.1  94.6  1C11
2016 317   2457705.0  78.0  80.7  72.3  72.4  65.4  72.0  93.5  94.6  1C11
2016 318   2457706.0  78.0  80.5  70.6  72.2  67.6  71.8  94.2  94.6  1C11
2016 319   2457707.0  77.0  80.3  69.6  72.0  66.8  71.5  94.8  94.5  1C11
2016 320   2457708.0  77.0  80.0  68.9  71.8  68.2  71.2  94.5  94.4  1C11
2016 321   2457709.0  81.0  79.6  69.3  71.6  71.0  70.9  94.8  94.4  1C11
2016 322   2457710.0  79.0  79.2  69.8  71.4  72.8  70.7  94.8  94.4  1C11
2016 323   2457711.0  78.0  78.9  69.8  71.2  70.8  70.4  95.0  94.4  1C11
2016 324   2457712.0  77.0  78.5  69.4  71.0  70.0  70.1  93.7  94.3  1C11
2016 325   2457713.0  76.0  78.1  68.5  70.8  67.2  69.8  92.9  94.2  1C11
2016 326   2457714.0  75.0  77.8  68.1  70.5  65.6  69.7  93.1  94.2  1C11
2016 327   2457715.0  77.0  77.5  67.6  70.3  65.7  69.5  92.3  94.0  1C11
2016 328   2457716.0  78.0  77.2  67.1  70.1  65.7  69.4  92.0  93.8  1C11
2016 329   2457717.0  79.0  77.0  66.8  69.8  66.2  69.3  92.7  93.7  1C11
2016 330   2457718.0  81.0  76.8  66.8  69.6  67.4  69.3  93.1  93.6  1C11
2016 331   2457719.0  81.0  76.7  66.9  69.3  70.5  69.2  95.1  93.5  1C11
2016 332   2457720.0  83.0  76.7  67.3  69.1  71.6  69.1  96.9  93.4  1C11
2016 333   2457721.0  85.0  76.6  68.3  69.0  77.1  69.0  99.0  93.3  1C11
2016 334   2457722.0  86.0  76.6  69.2  68.8  79.9  68.8  98.8  93.2  1C11
2016 335   2457723.0  84.0  76.5  69.4  68.6  80.8  68.7  99.1  93.1  1C11
2016 336   2457724.0  85.0  76.4  69.3  68.5  81.0  68.6  99.3  93.0  1C11
2016 337   2457725.0  84.0  76.4  69.1  68.3  81.5  68.6  99.5  93.0  1C11
2016 338   2457726.0  85.0  76.4  68.7  68.2  78.9  68.5  99.3  92.9  1C11
2016 339   2457727.0  82.0  76.4  67.9  68.1  75.7  68.5  97.3  92.8  1C11
2016 340   2457728.0  83.0  76.4  67.0  68.0  74.4  68.5  96.6  92.8  1C11
2016 341   2457729.0  80.0  76.4  66.2  67.8  70.5  68.5  93.5  92.8  1C11
2016 342   2457730.0  77.0  76.4  64.8  67.7  67.0  68.6  92.8  92.8  1C11
2016 343   2457731.0  75.0  76.4  63.5  67.6  62.8  68.7  90.1  92.7  1C11
2016 344   2457732.0  73.0  76.4  62.5  67.4  61.2  68.8  88.5  92.7  1C11
2016 345   2457733.0  72.0  76.4  62.4  67.3  60.0  68.8  87.6  92.7  1C11
2016 346   2457734.0  71.0  76.5  62.3  67.2  61.0  68.9  87.8  92.8  1C11
2016 347   2457735.0  71.0  76.6  62.4  67.2  61.1  69.0  88.4  92.8  1C11
2016 348   2457736.0  71.0  76.7  62.3  67.1  63.0  69.0  89.4  92.7  1C11
2016 349   2457737.0  72.0  76.8  62.8  67.0  61.3  69.1  89.1  92.7  1C11
2016 350   2457738.0  73.0  76.9  62.8  67.0  63.3  69.2  88.3  92.7  1C11
2016 351   2457739.0  73.0  77.0  63.3  66.9  61.5  69.2  87.2  92.7  1C11
2016 352   2457740.0  72.0  77.1  63.5  66.7  61.8  69.3  87.5  92.7  1C11
2016 353   2457741.0  72.0  77.1  63.9  66.6  62.8  69.3  88.3  92.7  1C11
2016 354   2457742.0  73.0  77.1  64.3  66.5  64.4  69.4  89.0  92.7  1C11
2016 355   2457743.0  75.0  77.1  64.8  66.4  67.0  69.4  90.2  92.6  1C11
2016 356   2457744.0  75.0  77.1  65.0  66.2  66.3  69.5  90.4  92.6  1C11
2016 357   2457745.0  75.0  77.0  64.9  66.1  67.1  69.6  90.4  92.6  1C11
2016 358   2457746.0  74.0  77.0  65.1  65.9  66.0  69.6  91.2  92.5  1C11
2016 359   2457747.0  73.0  77.0  65.0  65.8  66.3  69.6  90.3  92.5  1C11
2016 360   2457748.0  73.0  77.0  64.8  65.6  68.0  69.6  91.5  92.4  1C11
2016 361   2457749.0  74.0  76.9  64.5  65.5  70.0  69.5  92.9  92.3  1C11
2016 362   2457750.0  74.0  76.8  64.7  65.3  70.9  69.4  92.9  92.2  1C11
2016 363   2457751.0  73.0  76.8  65.1  65.1  71.0  69.2  92.8  92.1  1C11
2016 364   2457752.0  73.0  76.7  64.7  64.9  69.8  69.1  92.0  91.9  1C11
2016 365   2457753.0  74.0  76.6  64.5  64.8  69.1  69.0  90.8  91.8  1C11
2016 366   2457754.0  74.0  76.6  64.5  64.6  70.4  68.9  91.2  91.8  1C11
2017   1   2457755.0  73.0  76.6  65.5  64.5  71.6  68.9  91.2  91.7  1C11
2017   2   2457756.0  73.0  76.6  65.8  64.4  70.7  68.9  90.7  91.7  1C11
2017   3   2457757.0  73.0  76.5  66.0  64.3  68.9  68.9  91.3  91.6  1C11
2017   4   2457758.0  72.0  76.5  65.4  64.3  67.8  68.9  90.4  91.6  1C11
2017   5   2457759.0  73.0  76.4  64.6  64.2  68.4  68.9  89.8  91.5  1C11
2017   6   2457760.0  72.0  76.3  63.7  64.2  64.5  68.9  89.8  91.5  1C11
2017   7   2457761.0  72.0  76.2  62.9  64.2  63.0  68.9  89.1  91.4  1C11
2017   8   2457762.0  72.0  76.1  62.3  64.1  61.6  68.8  88.2  91.3  1C11
2017   9   2457763.0  71.0  76.0  62.1  64.1  63.0  68.6  88.7  91.3  1C11
2017  10   2457764.0  73.0  75.9  63.5  64.1  63.3  68.5  89.6  91.2  1C11
2017  11   2457765.0  75.0  75.9  65.2  64.1  62.3  68.4  88.6  91.2  1C11
2017  12   2457766.0  76.0  75.9  66.2  64.1  62.3  68.3  87.6  91.1  1C11
2017  13   2457767.0  75.0  75.8  66.0  64.1  64.3  68.2  88.4  91.1  1C11
2017  14   2457768.0  77.0  75.9  65.8  64.1  66.7  68.3  88.6  91.1  1C11
2017  15   2457769.0  78.0  75.8  66.2  64.2  69.4  68.3  91.0  91.0  1C11
2017  16   2457770.0  78.0  75.8  67.0  64.2  73.2  68.4  92.9  91.0  1C11
2017  17   2457771.0  79.0  75.9  67.5  64.3  74.2  68.5  93.4  91.0  1C11
2017  18   2457772.0  79.0  76.0  68.4  64.4  74.9  68.7  94.0  91.1  1C11
2017  19   2457773.0  80.0  76.1  69.6  64.4  74.7  68.9  95.3  91.2  1C11
2017  20   2457774.0  83.0  76.2  71.4  64.5  80.8  69.0  98.8  91.2  1C11
2017  21   2457775.0  86.0  76.3  72.0  64.6  81.1  69.2  98.3  91.3  1C11
2017  22   2457776.0  87.0  76.4  72.0  64.6  83.0  69.3  97.8  91.3  1C11
2017  23   2457777.0  84.0  76.4  70.2  64.7  82.2  69.3  97.6  91.3  1C11
2017  24   2457778.0  82.0  76.4  67.8  64.6  80.6  69.3  98.1  91.3  1C11
2017  25   2457779.0  85.0  76.4  65.8  64.6  78.6  69.3  96.5  91.2  1C11
2017  26   2457780.0  83.0  76.4  64.0  64.6  76.5  69.3  95.7  91.2  1C11
2017  27   2457781.0  80.0  76.4  63.7  64.6  75.5  69.3  93.9  91.2  1C11
2017  28   2457782.0  79.0  76.4  63.7  64.5  73.5  69.3  93.3  91.2  1C11
2017  29   2457783.0  77.0  76.3  63.4  64.5  71.5  69.2  91.9  91.2  1C11
2017  30   2457784.0  77.0  76.3  61.7  64.4  70.7  69.1  90.7  91.1  1C11
2017  31   2457785.0  76.0  76.2  59.8  64.3  70.7  69.0  90.9  91.1  1C11
2017  32   2457786.0  76.0  76.2  59.0  64.2  68.5  69.0  89.5  91.1  1C11
2017  33   2457787.0  75.0  76.1  58.7  64.2  68.8  68.9  88.7  91.0  1C11
2017  34   2457788.0  75.0  76.1  58.1  64.1  64.9  68.8  87.7  91.0  1C11
2017  35   2457789.0  74.0  76.0  57.3  64.0  61.8  68.7  86.5  90.9  1C11
2017  36   2457790.0  73.0  76.0  56.0  63.9  61.7  68.6  85.8  90.8  1C11
2017  37   2457791.0  73.0  76.0  55.2  63.9  60.0  68.5  85.8  90.8  1C11
2017  38   2457792.0  72.0  75.9  54.4  63.8  60.0  68.3  85.1  90.7  1C11
2017  39   2457793.0  73.0  75.9  54.7  63.7  60.1  68.2  86.1  90.7  1C11
2017  40   2457794.0  73.0  75.9  55.7  63.6  63.2  68.1  87.3  90.6  1C11
2017  41   2457795.0  74.0  75.9  57.6  63.6  64.4  68.1  87.7  90.5  1C11
2017  42   2457796.0  76.0  75.9  59.9  63.5  66.3  68.0  88.8  90.4  1C11
2017  43   2457797.0  76.0  75.9  61.7  63.5  66.6  67.9  89.9  90.2  1C11
2017  44   2457798.0  75.0  75.9  63.0  63.4  65.7  67.9  89.3  90.1  1C11
2017  45   2457799.0  75.0  75.9  63.8  63.4  68.1  67.9  89.9  90.1  1C11
2017  46   2457800.0  75.0  76.1  64.5  63.4  68.4  67.9  91.0  90.1  1C11
2017  47   2457801.0  74.0  76.2  65.2  63.5  69.4  68.0  90.8  90.1  1C11
2017  48   2457802.0  75.0  76.3  66.3  63.5  65.9  68.1  92.9  90.1  1C11
2017  49   2457803.0  77.0  76.5  67.6  63.5  67.7  68.2  93.2  90.1  1C11
2017  50   2457804.0  78.0  76.8  68.6  63.5  68.7  68.2  93.9  90.1  1C11
2017  51   2457805.0  81.0  77.1  69.1  63.6  72.6  68.4  94.4  90.2  1C11
2017  52   2457806.0  83.0  77.6  69.0  63.7  75.3  68.5  96.0  90.4  1C11
2017  53   2457807.0  83.0  78.0  69.1  63.8  76.6  68.6  95.8  90.5  1C11
2017  54   2457808.0  83.0  78.2  69.1  63.9  79.1  68.6  96.3  90.5  1C11
2017  55   2457809.0  82.0  78.3  69.3  63.9  78.5  68.6  95.5  90.5  1C11
2017  56   2457810.0  80.0  78.3  69.8  63.9  77.7  68.6  93.9  90.4  1C11
2017  57   2457811.0  79.0  78.2  70.6  63.9  75.9  68.4  92.5  90.3  1C11
2017  58   2457812.0  82.0  78.1  70.6  63.8  75.7  68.3  94.5  90.1  1C11
2017  59   2457813.0  82.0  78.1  69.5  63.7  73.5  68.1  92.9  89.9  1C11
2017  60   2457814.0  81.0  78.0  68.4  63.6  75.0  67.9  92.8  89.7  1C11
2017  61   2457815.0  79.0  77.9  67.8  63.5  70.6  67.7  91.7  89.5  1C11
2017  62   2457816.0  78.0  77.7  66.0  63.3  69.4  67.5  90.9  89.2  1C11
2017  63   2457817.0  75.0  77.6  63.8  63.2  66.7  67.3  89.0  89.0  1C11
2017  64   2457818.0  73.0  77.4  61.7  63.1  64.4  67.1  87.9  88.8  1C11
2017  65   2457819.0  72.0  77.3  61.6  63.1  61.9  66.9  87.1  88.6  1C11
2017  66   2457820.0  72.0  77.2  61.7  63.1  61.3  66.7  86.4  88.4  1C11
2017  67   2457821.0  71.0  77.1  61.6  63.1  60.0  66.6  85.3  88.3  1C11
2017  68   2457822.0  71.0  77.1  61.2  63.2  60.0  66.5  86.3  88.2  1C11
2017  69   2457823.0  71.0  77.1  59.8  63.3  60.0  66.4  86.7  88.2  1C11
2017  70   2457824.0  70.0  77.2  58.7  63.5  60.0  66.5  87.2  88.2  1C11
2017  71   2457825.0  70.0  77.2  57.7  63.6  60.0  66.6  87.2  88.2  1C11
2017  72   2457826.0  70.0  77.3  57.7  63.9  60.0  66.7  87.1  88.2  1C11
2017  73   2457827.0  70.0  77.4  58.1  64.1  60.0  66.9  86.9  88.2  1C11
2017  74   2457828.0  70.0  77.5  58.5  64.3  60.0  67.1  87.8  88.2  1C11
2017  75   2457829.0  71.0  77.6  59.0  64.4  60.0  67.4  87.2  88.3  1C11
2017  76   2457830.0  71.0  77.6  58.8  64.6  60.0  67.6  87.2  88.3  1C11
2017  77   2457831.0  70.0  77.7  58.5  64.9  60.4  67.9  87.6  88.3  1C11
2017  78   2457832.0  71.0  77.8  58.0  65.1  60.7  68.1  87.9  88.3  1C11
2017  79   2457833.0  73.0  77.8  59.0  65.3  61.7  68.2  88.6  88.3  1C11
2017  80   2457834.0  71.0  77.9  59.0  65.4  62.2  68.3  87.9  88.3  1C11
2017  81   2457835.0  73.0  77.9  60.5  65.6  63.8  68.3  79.4  88.2  1C11
2017  82   2457836.0  72.0  77.9  61.8  65.7  64.7  68.3  80.1  88.2  1C11
2017  83   2457837.0  72.0  77.9  61.6  65.8  67.5  68.3  80.7  88.0  1C11
2017  84   2457838.0  74.0  77.9  61.5  65.8  66.7  68.2  81.4  87.9  1C11
2017  85   2457839.0  77.0  77.9  63.4  65.8  68.0  68.2  87.8  87.7  1C11
2017  86   2457840.0  83.0  77.9  65.9  65.8  70.2  68.1  89.7  87.6  1C11
2017  87   2457841.0  84.0  77.8  66.6  65.7  71.2  68.1  89.6  87.4  1C11
2017  88   2457842.0  83.0  77.8  63.1  65.7  70.6  68.1  88.3  87.2  1C11
2017  89   2457843.0  86.0  77.7  63.9  65.6  67.9  68.1  87.3  86.9  1C11
2017  90   2457844.0  91.0  77.6  65.7  65.5  68.0  68.1  89.8  86.7  1C11
2017  91   2457845.0 101.0  77.5  68.3  65.4  72.8  68.1  99.3  86.5  1C11
2017  92   2457846.0 112.0  77.3  77.4  65.3  72.2  68.1 102.7  86.2  1C11
2017  93   2457847.0 108.0  77.2  74.5  65.2  72.5  68.0  96.7  86.0  1C11
2017  94   2457848.0  94.0  77.0  72.2  65.1  66.7  67.9  90.9  85.7  1C11
2017  95   2457849.0  85.0  76.9  66.8  65.0  64.7  67.8  86.1  85.5  1C11
2017  96   2457850.0  76.0  76.8  64.6  65.0  66.3  67.7  83.9  85.3  1C11
2017  97   2457851.0  74.0  76.7  63.8  64.9  60.8  67.7  83.1  85.1  1C11
2017  98   2457852.0  73.0  76.6  62.2  64.9  60.1  67.7  80.9  85.0  1C11
2017  99   2457853.0  74.0  76.4  61.8  64.9  61.2  67.8  78.7  84.8  1C11
2017 100   2457854.0  74.0  76.3  61.0  64.9  62.9  67.9  77.6  84.7  1C11
2017 101   2457855.0  75.0  76.2  62.1  64.8  64.8  68.0  80.5  84.6  1C11
2017 102   2457856.0  71.0  76.2  58.7  64.8  63.4  68.2  78.8  84.6  1C11
2017 103   2457857.0  74.0  76.1  62.6  64.9  65.1  68.4  79.2  84.6  1C11
2017 104   2457858.0  73.0  76.2  63.7  65.0  64.6  68.6  79.6  84.6  1C11
2017 105   2457859.0  73.0  76.2  63.4  65.1  65.4  68.9  81.9  84.6  1C11
2017 106   2457860.0  75.0  76.3  66.4  65.3  63.7  69.1  85.2  84.6  1C11
2017 107   2457861.0  75.0  76.4  68.6  65.4  66.2  69.4  85.2  84.6  1C11
2017 108   2457862.0  80.0  76.5  69.6  65.5  65.6  69.6  87.8  84.6  1C11
2017 109   2457863.0  81.0  76.6  72.6  65.6  72.3  69.8  89.2  84.6  1C11
2017 110   2457864.0  81.0  76.6  74.2  65.7  73.7  69.9  90.5  84.5  1C11
2017 111   2457865.0  82.0  76.7  76.2  65.8  79.1  70.0  90.6  84.6  1C11
2017 112   2457866.0  84.0  76.8  77.2  66.0  82.2  70.2  90.9  84.6  1C11
2017 113   2457867.0  83.0  76.9  76.4  66.1  85.5  70.4  91.5  84.5  1C11
2017 114   2457868.0  80.0  77.0  76.2  66.3  84.9  70.6  91.0  84.5  1C11
2017 115   2457869.0  81.0  77.1  70.5  66.4  85.1  70.8  90.6  84.4  1C11
2017 116   2457870.0  80.0  77.2  74.2  66.6  82.0  71.1  89.9  84.5  1C11
2017 117   2457871.0  78.0  77.2  73.0  66.8  80.1  71.4  88.3  84.4  1C11
2017 118   2457872.0  78.0  77.3  72.0  66.9  76.6  71.6  85.8  84.4  1C11
2017 119   2457873.0  77.0  77.3  70.5  67.1  73.1  71.8  85.1  84.3  1C11
2017 120   2457874.0  77.0  77.3  69.7  67.2  69.0  71.9  84.0  84.2  1C11
2017 121   2457875.0  75.0  77.4  67.7  67.4  63.1  72.1  80.8  84.2  1C11
2017 122   2457876.0  77.0  77.4  67.5  67.5  64.1  72.3  80.8  84.2  1C11
2017 123   2457877.0  75.0  77.4  65.8  67.7  63.6  72.4  79.8  84.3  1C11
2017 124   2457878.0  74.0  77.5  64.5  67.8  62.2  72.6  78.7  84.3  1C11
2017 125   2457879.0  74.0  77.5  64.0  68.0  62.4  72.7  75.4  84.4  1C11
2017 126   2457880.0  73.0  77.5  60.8  68.1  62.6  72.9  75.7  84.4  1C11
2017 127   2457881.0  72.0  77.4  60.2  68.2  69.7  73.1  75.6  84.3  1C11
2017 128   2457882.0  71.0  77.2  60.1  68.2  68.2  73.2  75.6  84.3  1C11
2017 129   2457883.0  69.0  77.1  60.0  68.4  67.1  73.4  74.0  84.3  1C11
2017 130   2457884.0  69.0  77.0  60.0  68.5  66.9  73.6  73.5  84.3  1C11
2017 131   2457885.0  69.0  76.8  59.5  68.6  68.0  73.8  75.7  84.2  1C11
2017 132   2457886.0  69.0  76.5  60.2  68.6  68.0  73.9  76.1  84.1  1C11
2017 133   2457887.0  70.0  76.0  60.7  68.6  67.5  74.0  75.4  83.8  1C11
2017 134   2457888.0  71.0  75.6  62.1  68.5  70.2  74.0  76.0  83.6  1C11
2017 135   2457889.0  71.0  75.3  62.2  68.5  70.2  74.1  77.2  83.5  1C11
2017 136   2457890.0  72.0  75.2  64.5  68.5  72.8  74.3  79.3  83.4  1C11
2017 137   2457891.0  71.0  75.2  67.2  68.6  74.4  74.4  80.3  83.4  1C11
2017 138   2457892.0  72.0  75.2  67.8  68.7  79.8  74.5  81.0  83.3  1C11
2017 139   2457893.0  72.0  75.1  69.2  68.8  82.1  74.7  82.0  83.3  1C11
2017 140   2457894.0  72.0  75.1  69.6  68.8  82.5  74.8  83.0  83.3  1C11
2017 141   2457895.0  74.0  75.1  65.7  68.9  84.1  75.0  85.8  83.3  1C11
2017 142   2457896.0  74.0  75.0  67.3  69.0  84.8  75.1  87.2  83.3  1C11
2017 143   2457897.0  76.0  75.0  70.6  69.1  86.2  75.2  88.3  83.2  1C11
2017 144   2457898.0  78.0  75.0  72.5  69.2  85.1  75.2  89.0  83.3  1C11
2017 145   2457899.0  76.0  75.0  72.2  69.2  83.9  75.3  88.4  83.3  1C11
2017 146   2457900.0  80.0  75.0  72.0  69.3  83.9  75.4  89.0  83.4  1C11
2017 147   2457901.0  82.0  75.0  73.8  69.3  81.8  75.5  88.2  83.4  1C11
2017 148   2457902.0  79.0  75.1  70.9  69.4  77.4  75.6  84.8  83.4  1C11
2017 149   2457903.0  76.0  75.2  69.3  69.4  74.6  75.7  83.0  83.5  1C11
2017 150   2457904.0  74.0  75.3  68.3  69.4  69.6  75.8  83.0  83.5  1C11
2017 151   2457905.0  74.0  75.5  68.4  69.4  69.6  75.9  90.6  83.5  1C11
2017 152   2457906.0  76.0  75.6  69.4  69.4  74.2  75.9  87.1  83.5  1C11
2017 153   2457907.0  78.0  75.7  69.8  69.4  72.7  75.9  83.9  83.5  1C11
2017 154   2457908.0  78.0  75.8  69.7  69.4  77.6  75.9  84.2  83.6  1C11
2017 155   2457909.0  78.0  75.9  71.5  69.5  80.8  76.0  86.1  83.7  1C11
2017 156   2457910.0  79.0  76.1  72.6  69.6  80.2  76.0  88.0  83.7  1C11
2017 157   2457911.0  75.0  76.2  72.3  69.7  81.5  75.9  85.1  83.8  1C11
2017 158   2457912.0  76.0  76.3  72.1  69.8  78.3  75.9  83.8  83.9  1C11
2017 159   2457913.0  74.0  76.3  69.4  69.8  76.9  75.8  81.9  83.9  1C11
2017 160   2457914.0  74.0  76.2  70.6  69.9  75.2  75.8  83.2  83.9  1C11
2017 161   2457915.0  75.0  76.1  71.6  69.9  76.0  75.9  83.4  83.8  1C11
2017 162   2457916.0  74.0  76.0  72.7  69.9  77.5  76.0  84.2  83.7  1C11
2017 163   2457917.0  75.0  76.0  73.4  69.9  77.8  76.1  84.1  83.7  1C11
2017 164   2457918.0  75.0  75.9  73.4  70.0  77.5  76.1  84.2  83.7  1C11
2017 165   2457919.0  74.0  75.9  72.2  70.0  81.5  76.2  85.6  83.7  1C11
2017 166   2457920.0  77.0  75.8  73.1  70.1  83.3  76.3  85.4  83.7  1C11
2017 167   2457921.0  74.0  75.8  72.5  70.1  82.6  76.4  86.4  83.7  1C11
2017 168   2457922.0  75.0  75.7  72.9  70.2  84.0  76.4  87.1  83.7  1C11
2017 169   2457923.0  75.0  75.7  73.6  70.3  85.0  76.5  87.8  83.8  1C11
2017 170   2457924.0  74.0  75.7  73.3  70.4  82.6  76.5  87.2  83.8  1C11
2017 171   2457925.0  74.0  75.7  73.3  70.5  81.6  76.5  86.4  83.9  1C11
2017 172   2457926.0  74.0  75.8  72.3  70.7  81.3  76.5  84.6  84.0  1C11
2017 173   2457927.0  74.0  75.8  71.9  70.8  78.8  76.5  81.9  84.0  1C11
2017 174   2457928.0  74.0  75.9  71.7  71.0  77.8  76.6  81.5  84.1  1C11
2017 175   2457929.0  74.0  75.9  69.0  71.1  75.8  76.7  80.6  84.2  1C11
2017 176   2457930.0  74.0  76.0  69.0  71.3  76.1  76.8  81.9  84.2  1C11
2017 177   2457931.0  74.0  76.0  71.4  71.4  74.1  76.8  79.6  84.3  1C11
2017 178   2457932.0  74.0  76.0  71.1  71.5  73.4  76.9  79.9  84.3  1C11
2017 179   2457933.0  72.0  76.0  68.2  71.6  73.0  76.9  79.0  84.4  1C11
2017 180   2457934.0  72.0  76.0  67.3  71.7  73.3  76.9  77.4  84.4  1C11
2017 181   2457935.0  72.0  76.0  67.3  71.7  73.0  76.9  77.3  84.3  1C11
2017 182   2457936.0  71.0  76.0  67.1  71.8  73.6  76.8  77.4  84.2  1C11
2017 183   2457937.0  71.0  75.9  67.2  71.8  72.1  76.7  77.2  84.1  1C11
2017 184   2457938.0  72.0  75.9  69.7  71.8  70.0  76.6  83.6  84.0  1C11
2017 185   2457939.0  72.0  75.7  68.7  71.8  68.5  76.4  82.8  83.9  1C11
2017 186   2457940.0  73.0  75.7  69.5  71.8  71.2  76.2  83.5  83.8  1C11
2017 187   2457941.0  76.0  75.6  69.3  71.8  74.0  76.1  86.7  83.8  1C11
2017 188   2457942.0  80.0  75.6  70.3  71.8  73.9  76.0  88.9  83.7  1C11
2017 189   2457943.0  87.0  75.5  72.4  71.8  77.4  75.9  91.7  83.8  1C11
2017 190   2457944.0  91.0  75.6  75.3  71.9  79.1  76.0  89.1  83.9  1C11
2017 191   2457945.0  95.0  75.8  75.3  72.0  78.4  76.0  89.8  84.1  1C11
2017 192   2457946.0  91.0  75.9  75.2  72.2  80.8  76.1  92.8  84.1  1C11
2017 193   2457947.0  90.0  76.0  75.1  72.4  84.7  76.2  93.3  84.1  1C11
2017 194   2457948.0  92.0  76.2  77.6  72.5  86.3  76.3  98.3  84.2  1C11
2017 195   2457949.0  94.0  76.3  85.6  72.6  88.6  76.3  97.8  84.3  1C11
2017 196   2457950.0  92.0  76.3  78.2  72.8  83.4  76.3  94.8  84.3  1C11
2017 197   2457951.0  87.0  76.3  80.4  72.9  81.1  76.3  93.8  84.3  1C11
2017 198   2457952.0  86.0  76.3  79.1  73.0  75.4  76.3  94.3  84.3  1C11
2017 199   2457953.0  78.0  76.4  75.7  73.1  72.8  76.2  88.5  84.3  1C11
2017 200   2457954.0  73.0  76.5  74.5  73.3  72.8  76.2  83.3  84.4  1C11
2017 201   2457955.0  69.8  76.6  69.8  73.4  72.8  76.2  76.7  84.5  1C11
2017 202   2457956.0  69.0  76.7  68.8  73.5  71.5  76.3  76.8  84.6  1C11
2017 203   2457957.0  70.0  77.0  69.3  73.7  71.0  76.4  78.7  84.7  1C11
2017 204   2457958.0  71.0  77.2  70.1  73.9  69.6  76.5  78.6  84.8  1C11
2017 205   2457959.0  70.0  77.5  69.7  74.1  68.7  76.6  77.8  85.0  1C11
2017 206   2457960.0  70.0  78.1  68.8  74.4  69.0  76.7  76.8  85.3  1C11
2017 207   2457961.0  69.0  79.4  66.2  74.8  70.4  77.0  77.7  85.7  1C11
2017 208   2457962.0  68.0  79.9  67.0  75.3  71.9  77.2  77.2  86.1  1C11
2017 209   2457963.0  70.0  80.7  67.3  75.8  72.6  77.5  78.2  86.4  1C11
2017 210   2457964.0  70.0  81.3  68.8  76.3  70.7  77.7  78.6  86.8  1C11
2017 211   2457965.0  70.0  81.9  69.1  76.7  67.5  77.9  80.3  87.0  1C11
2017 212   2457966.0  72.0  82.3  72.0  77.1  67.1  78.0  81.2  87.2  1C11
2017 213   2457967.0  74.0  82.6  72.6  77.4  69.6  78.1  80.6  87.4  1C11
2017 214   2457968.0  74.0  82.7  72.6  77.7  72.1  78.1  80.6  87.4  1C11
2017 215   2457969.0  75.0  82.7  73.3  77.8  75.8  78.1  82.6  87.4  1C11
2017 216   2457970.0  74.0  82.7  74.5  78.0  76.9  78.1  82.2  87.4  1C11
2017 217   2457971.0  74.0  82.7  76.3  78.1  77.4  78.1  82.1  87.3  1C11
2017 218   2457972.0  74.0  82.7  75.6  78.2  81.0  78.1  84.0  87.2  1C11
2017 219   2457973.0  73.0  82.7  73.8  78.3  82.0  78.0  84.5  87.2  1C11
2017 220   2457974.0  71.0  82.7  73.8  78.4  81.8  78.0  81.0  87.2  1C11
2017 221   2457975.0  72.0  82.7  72.7  78.5  80.7  78.0  80.9  87.2  1C11
2017 222   2457976.0  71.0  82.7  71.0  78.6  78.5  78.0  78.8  87.2  1C11
2017 223   2457977.0  70.0  82.7  70.6  78.7  76.9  78.0  77.8  87.2  1C11
2017 224   2457978.0  70.0  82.7  71.4  78.9  74.0  78.0  76.8  87.3  1C11
2017 225   2457979.0  68.0  82.8  70.1  79.0  72.9  78.1  81.8  87.3  1C11
2017 226   2457980.0  73.0  82.9  72.7  79.2  69.4  78.2  83.3  87.3  1C11
2017 227   2457981.0  74.0  83.1  72.3  79.5  70.3  78.3  86.6  87.4  1C11
2017 228   2457982.0  77.0  83.2  71.9  79.7  73.9  78.4  82.4  87.4  1C11
2017 229   2457983.0  77.0  83.4  73.4  80.0  73.7  78.6  85.9  87.5  1C11
2017 230   2457984.0  80.0  83.4  76.3  80.3  76.3  78.9  96.1  87.5  1C11
2017 231   2457985.0  87.0  83.4  80.3  80.6  76.2  79.1  95.5  87.6  1C11
2017 232   2457986.0  86.0  83.4  80.3  80.8  77.8  79.3  92.4  87.6  1C11
2017 233   2457987.0  87.0  83.3  83.5  81.1  75.5  79.4  91.5  87.7  1C11
2017 234   2457988.0  90.0  83.3  82.0  81.3  81.4  79.6  90.2  87.7  1C11
2017 235   2457989.0  85.0  83.2  80.7  81.5  82.4  79.7  87.7  87.6  1C11
2017 236   2457990.0  79.0  83.1  82.1  81.6  82.4  79.7  88.3  87.5  1C11
2017 237   2457991.0  81.0  83.1  81.5  81.8  78.9  79.8  86.2  87.4  1C11
2017 238   2457992.0  78.0  83.0  81.1  81.9  75.8  79.8  84.4  87.4  1C11
2017 239   2457993.0  78.0  83.0  80.7  82.1  74.6  79.9  87.2  87.3  1C11
2017 240   2457994.0  82.0  83.0  81.9  82.2  75.3  80.0  90.1  87.3  1C11
2017 241   2457995.0  84.0  83.1  80.3  82.4  79.1  80.0  89.7  87.3  1C11
2017 242   2457996.0  87.0  83.1  82.3  82.5  83.0  80.0  92.4  87.3  1C11
2017 243   2457997.0  92.0  83.1  85.5  82.6  84.9  79.9  93.4  87.3  1C11
2017 244   2457998.0  93.0  83.1  88.4  82.6  83.1  79.9  96.0  87.3  1C11
2017 245   2457999.0 100.0  83.1  90.4  82.7  84.9  79.9  98.9  87.3  1C11
2017 246   2458000.0 120.0  83.1  96.3  82.8  94.5  79.9 110.9  87.3  1C11
2017 247   2458001.0 183.0  83.1 112.6  82.9 101.6  79.9 112.9  87.3  1C11
2017 248   2458002.0 121.0  83.1 110.9  83.0 103.5  80.0 116.0  87.3  1C11
2017 249   2458003.0 133.0  83.2 111.3  83.1 104.5  79.9 118.3  87.3  1C11
2017 250   2458004.0 129.0  83.2 110.3  83.2 102.7  79.9 113.0  87.4  1C11
2017 251   2458005.0 117.0  83.2 107.9  83.4  98.3  80.0 107.2  87.4  1C11
2017 252   2458006.0 107.0  83.2 104.6  83.5  92.7  80.0 105.3  87.4  1C11
2017 253   2458007.0 100.0  83.3 102.6  83.7  86.5  80.1  95.4  87.4  1C11
2017 254   2458008.0  80.0  83.3  93.2  83.9  79.9  80.2  84.6  87.5  1C11
2017 255   2458009.0  76.0  83.4  82.7  84.1  79.2  80.3  79.8  87.5  1C11
2017 256   2458010.0  75.0  83.4  81.7  84.3  77.7  80.3  79.5  87.6  1C11
2017 257   2458011.0  74.0  83.4  80.1  84.5  72.1  80.4  77.6  87.7  1C11
2017 258   2458012.0  73.0  83.5  80.5  84.8  71.2  80.5  74.2  87.7  1C11
2017 259   2458013.0  72.0  83.5  77.6  85.0  72.6  80.6  76.7  87.8  1C11
2017 260   2458014.0  72.0  83.6  72.9  85.2  70.3  80.7  76.4  87.8  1C11
2017 261   2458015.0  72.0  83.6  76.8  85.5  72.8  80.8  78.4  87.9  1C11
2017 262   2458016.0  71.0  83.7  76.6  85.7  72.1  80.9  79.2  88.0  1C11
2017 263   2458017.0  74.0  83.7  76.8  85.9  73.9  81.0  78.5  88.1  1C11
2017 264   2458018.0  73.0  83.8  80.0  86.1  75.3  81.1  80.5  88.2  1C11
2017 265   2458019.0  78.0  83.8  82.1  86.4  75.5  81.2  84.5  88.3  1C11
2017 266   2458020.0  81.0  83.9  84.5  86.6  74.8  81.2  87.5  88.3  1C11
2017 267   2458021.0  87.0  83.9  87.8  86.8  79.0  81.3  87.3  88.3  1C11
2017 268   2458022.0  90.0  83.9  91.9  86.9  84.5  81.3  91.9  88.2  1C11
2017 269   2458023.0  91.0  83.8  93.5  87.0  92.4  81.2  92.8  88.2  1C11
2017 270   2458024.0  91.0  83.7  94.9  87.1  97.3  81.2  94.7  88.1  1C11
2017 271   2458025.0  91.0  83.6  96.6  87.1  95.0  81.1  94.9  87.8  1C11
2017 272   2458026.0  90.0  83.3  97.3  87.1  94.1  80.9  93.7  87.6  1C11
2017 273   2458027.0  89.0  83.1  97.6  87.0  95.1  80.8  93.6  87.4  1C11
2017 274   2458028.0  86.0  82.9  92.4  86.9  95.7  80.7  93.7  87.2  1C11
2017 275   2458029.0  86.0  82.6  94.9  86.8  94.5  80.6  92.6  87.0  1C11
2017 276   2458030.0  86.0  82.4  92.3  86.8  92.2  80.5  90.0  86.9  1C11
2017 277   2458031.0  87.0  82.3  92.7  86.7  87.7  80.3  91.7  86.8  1C11
2017 278   2458032.0  85.0  82.2  91.5  86.8  86.0  80.2  89.5  86.7  1C11
2017 279   2458033.0  84.0  82.1  89.6  86.8  83.8  80.2  89.4  86.7  1C11
2017 280   2458034.0  80.0  82.1  87.2  86.9  75.8  80.2  86.6  86.6  1C11
2017 281   2458035.0  77.0  82.0  85.4  87.0  73.1  80.2  83.9  86.5  1C11
2017 282   2458036.0  72.0  81.9  81.2  87.2  71.3  80.2  77.9  86.4  1C11
2017 283   2458037.0  71.0  81.8  77.8  87.3  69.6  80.1  76.4  86.3  1C11
2017 284   2458038.0  70.0  81.5  72.2  87.4  67.9  80.0  76.5  86.2  1C11
2017 285   2458039.0  70.0  81.3  77.5  87.5  68.2  80.0  77.2  86.1  1C11
2017 286   2458040.0  70.0  81.0  76.3  87.5  70.5  79.9  76.4  85.9  1C11
2017 287   2458041.0  69.0  80.4  76.8  87.5  70.9  79.7  78.7  85.6  1C11
2017 288   2458042.0  70.0  79.0  72.0  87.2  71.9  79.4  78.5  85.2  1C11
2017 289   2458043.0  71.0  78.4  77.2  86.9  70.6  79.1  79.4  84.8  1C10